148 204 271 980 824 1180 387 225 #UTIL: 7370
390 478 407 950 1093 528 1426 #UTIL: 8336
390 478 407 950 1093 528 1426 382 #UTIL: 8822
390 478 407 950 1093 528 382 #UTIL: 7326
390 478 407 950 1093 1426 #UTIL: 7952
390 478 407 950 1093 1426 382 #UTIL: 8438
390 478 407 950 528 1426 #UTIL: 7212
390 478 407 950 528 1426 382 #UTIL: 7698
390 478 407 950 1426 382 #UTIL: 7314
390 478 407 1093 528 1426 382 #UTIL: 7434
390 478 950 1093 528 1426 382 #UTIL: 7538
390 407 950 1093 528 1426 382 #UTIL: 7658
390 407 950 1093 1426 382 #UTIL: 7274
552 432 415 968 1118 502 #UTIL: 9285
552 432 415 968 502 #UTIL: 7527
552 432 415 1118 502 #UTIL: 8389
552 432 968 1118 502 #UTIL: 7248
552 415 968 1118 502 #UTIL: 7405
664 481 594 327 1342 620 773 1077 1096 321 617 #UTIL: 7300
664 481 594 327 1342 620 773 1077 1096 321 617 1373 #UTIL: 8380
664 481 594 327 1342 620 773 1077 1096 321 1373 #UTIL: 7917
664 481 594 327 1342 620 773 1077 1096 617 1373 #UTIL: 7416
664 481 594 327 1342 620 773 1077 321 617 1373 #UTIL: 7868
664 481 594 327 1342 620 773 1077 321 1373 #UTIL: 7405
664 481 594 327 1342 620 1077 1096 321 617 1373 #UTIL: 8167
664 481 594 327 1342 620 1077 1096 321 1373 #UTIL: 7704
664 481 594 327 1342 620 1077 321 617 1373 #UTIL: 7655
664 481 594 327 1342 773 1077 1096 321 617 1373 #UTIL: 8161
664 481 594 327 1342 773 1077 1096 321 1373 #UTIL: 7698
664 481 594 327 1342 773 1077 321 617 1373 #UTIL: 7649
664 481 594 327 1342 1077 1096 321 617 1373 #UTIL: 7948
664 481 594 327 1342 1077 1096 321 1373 #UTIL: 7485
664 481 594 327 1342 1077 321 617 1373 #UTIL: 7436
664 481 594 1342 620 773 1077 1096 321 617 1373 #UTIL: 8140
664 481 594 1342 620 773 1077 1096 321 1373 #UTIL: 7677
664 481 594 1342 620 773 1077 321 617 1373 #UTIL: 7628
664 481 594 1342 620 1077 1096 321 617 1373 #UTIL: 7927
664 481 594 1342 620 1077 1096 321 1373 #UTIL: 7464
664 481 594 1342 620 1077 321 617 1373 #UTIL: 7415
664 481 594 1342 773 1077 1096 321 617 1373 #UTIL: 7921
664 481 594 1342 773 1077 1096 321 1373 #UTIL: 7458
664 481 594 1342 773 1077 321 617 1373 #UTIL: 7409
664 481 594 1342 1077 1096 321 617 1373 #UTIL: 7708
664 481 594 1342 1077 1096 321 1373 #UTIL: 7245
664 481 327 1342 620 773 1077 1096 321 617 1373 #UTIL: 8206
664 481 327 1342 620 773 1077 1096 321 1373 #UTIL: 7743
664 481 327 1342 620 773 1077 1096 617 1373 #UTIL: 7242
664 481 327 1342 620 773 1077 321 617 1373 #UTIL: 7694
664 481 327 1342 620 773 1077 321 1373 #UTIL: 7231
664 481 327 1342 620 1077 1096 321 617 1373 #UTIL: 7993
664 481 327 1342 620 1077 1096 321 1373 #UTIL: 7530
664 481 327 1342 620 1077 321 617 1373 #UTIL: 7481
664 481 327 1342 773 1077 1096 321 617 1373 #UTIL: 7987
664 481 327 1342 773 1077 1096 321 1373 #UTIL: 7524
664 481 327 1342 773 1077 321 617 1373 #UTIL: 7475
664 481 327 1342 1077 1096 321 617 1373 #UTIL: 7774
664 481 327 1342 1077 1096 321 1373 #UTIL: 7311
664 481 327 1342 1077 321 617 1373 #UTIL: 7262
664 481 1342 620 773 1077 1096 321 617 1373 #UTIL: 7966
664 481 1342 620 773 1077 1096 321 1373 #UTIL: 7503
664 481 1342 620 773 1077 321 617 1373 #UTIL: 7454
664 481 1342 620 1077 1096 321 617 1373 #UTIL: 7753
664 481 1342 620 1077 1096 321 1373 #UTIL: 7290
664 481 1342 620 1077 321 617 1373 #UTIL: 7241
664 481 1342 773 1077 1096 321 617 1373 #UTIL: 7747
664 481 1342 773 1077 1096 321 1373 #UTIL: 7284
664 481 1342 773 1077 321 617 1373 #UTIL: 7235
664 481 1342 1077 1096 321 617 1373 #UTIL: 7534
664 594 327 1342 620 773 1077 1096 321 617 1373 #UTIL: 7525
664 594 327 1342 620 1077 1096 321 617 1373 #UTIL: 7312
664 594 327 1342 773 1077 1096 321 617 1373 #UTIL: 7306
664 594 1342 620 773 1077 1096 321 617 1373 #UTIL: 7285
664 327 1342 620 773 1077 1096 321 617 1373 #UTIL: 7351
764 #UTIL: 7620
1000 291 341 851 1294 8 844 378 #UTIL: 7360
1178 #UTIL: 7938
81 886 1529 397 1136 154 1029 946 #UTIL: 8042
81 886 1529 397 1136 154 946 #UTIL: 7538
81 886 1529 397 1136 1029 946 #UTIL: 7258
81 886 1529 1136 154 1029 946 #UTIL: 7637
150 #UTIL: 7245
151 1143 1199 806 1084 157 465 810 1189 108 323 #UTIL: 7438
151 1143 1199 806 1084 157 465 810 1189 108 323 408 #UTIL: 8098
151 1143 1199 806 1084 157 465 810 1189 108 323 408 67 #UTIL: 8470
151 1143 1199 806 1084 157 465 810 1189 108 323 408 67 434 #UTIL: 9180
151 1143 1199 806 1084 157 465 810 1189 108 323 408 434 #UTIL: 8808
151 1143 1199 806 1084 157 465 810 1189 108 323 67 #UTIL: 7810
151 1143 1199 806 1084 157 465 810 1189 108 323 67 434 #UTIL: 8520
151 1143 1199 806 1084 157 465 810 1189 108 323 434 #UTIL: 8148
151 1143 1199 806 1084 157 465 810 1189 108 408 #UTIL: 7398
151 1143 1199 806 1084 157 465 810 1189 108 408 67 #UTIL: 7770
151 1143 1199 806 1084 157 465 810 1189 108 408 67 434 #UTIL: 8480
151 1143 1199 806 1084 157 465 810 1189 108 408 434 #UTIL: 8108
151 1143 1199 806 1084 157 465 810 1189 108 67 434 #UTIL: 7820
151 1143 1199 806 1084 157 465 810 1189 108 434 #UTIL: 7448
151 1143 1199 806 1084 157 465 810 1189 323 408 #UTIL: 7660
151 1143 1199 806 1084 157 465 810 1189 323 408 67 #UTIL: 8032
151 1143 1199 806 1084 157 465 810 1189 323 408 67 434 #UTIL: 8742
151 1143 1199 806 1084 157 465 810 1189 323 408 434 #UTIL: 8370
151 1143 1199 806 1084 157 465 810 1189 323 67 #UTIL: 7372
151 1143 1199 806 1084 157 465 810 1189 323 67 434 #UTIL: 8082
151 1143 1199 806 1084 157 465 810 1189 323 434 #UTIL: 7710
151 1143 1199 806 1084 157 465 810 1189 408 67 #UTIL: 7332
151 1143 1199 806 1084 157 465 810 1189 408 67 434 #UTIL: 8042
151 1143 1199 806 1084 157 465 810 1189 408 434 #UTIL: 7670
151 1143 1199 806 1084 157 465 810 1189 67 434 #UTIL: 7382
151 1143 1199 806 1084 157 465 810 108 323 408 #UTIL: 7794
151 1143 1199 806 1084 157 465 810 108 323 408 67 #UTIL: 8166
151 1143 1199 806 1084 157 465 810 108 323 408 67 434 #UTIL: 8876
151 1143 1199 806 1084 157 465 810 108 323 408 434 #UTIL: 8504
151 1143 1199 806 1084 157 465 810 108 323 67 #UTIL: 7506
151 1143 1199 806 1084 157 465 810 108 323 67 434 #UTIL: 8216
151 1143 1199 806 1084 157 465 810 108 323 434 #UTIL: 7844
151 1143 1199 806 1084 157 465 810 108 408 67 #UTIL: 7466
151 1143 1199 806 1084 157 465 810 108 408 67 434 #UTIL: 8176
151 1143 1199 806 1084 157 465 810 108 408 434 #UTIL: 7804
151 1143 1199 806 1084 157 465 810 108 67 434 #UTIL: 7516
151 1143 1199 806 1084 157 465 810 323 408 #UTIL: 7356
151 1143 1199 806 1084 157 465 810 323 408 67 #UTIL: 7728
151 1143 1199 806 1084 157 465 810 323 408 67 434 #UTIL: 8438
151 1143 1199 806 1084 157 465 810 323 408 434 #UTIL: 8066
151 1143 1199 806 1084 157 465 810 323 67 434 #UTIL: 7778
151 1143 1199 806 1084 157 465 810 323 434 #UTIL: 7406
151 1143 1199 806 1084 157 465 810 408 67 434 #UTIL: 7738
151 1143 1199 806 1084 157 465 810 408 434 #UTIL: 7366
151 1143 1199 806 1084 157 465 1189 108 323 #UTIL: 7211
151 1143 1199 806 1084 157 465 1189 108 323 408 #UTIL: 7871
151 1143 1199 806 1084 157 465 1189 108 323 408 67 #UTIL: 8243
151 1143 1199 806 1084 157 465 1189 108 323 408 67 434 #UTIL: 8953
151 1143 1199 806 1084 157 465 1189 108 323 408 434 #UTIL: 8581
151 1143 1199 806 1084 157 465 1189 108 323 67 #UTIL: 7583
151 1143 1199 806 1084 157 465 1189 108 323 67 434 #UTIL: 8293
151 1143 1199 806 1084 157 465 1189 108 323 434 #UTIL: 7921
151 1143 1199 806 1084 157 465 1189 108 408 67 #UTIL: 7543
151 1143 1199 806 1084 157 465 1189 108 408 67 434 #UTIL: 8253
151 1143 1199 806 1084 157 465 1189 108 408 434 #UTIL: 7881
151 1143 1199 806 1084 157 465 1189 108 67 434 #UTIL: 7593
151 1143 1199 806 1084 157 465 1189 108 434 #UTIL: 7221
151 1143 1199 806 1084 157 465 1189 323 408 #UTIL: 7433
151 1143 1199 806 1084 157 465 1189 323 408 67 #UTIL: 7805
151 1143 1199 806 1084 157 465 1189 323 408 67 434 #UTIL: 8515
151 1143 1199 806 1084 157 465 1189 323 408 434 #UTIL: 8143
151 1143 1199 806 1084 157 465 1189 323 67 434 #UTIL: 7855
151 1143 1199 806 1084 157 465 1189 323 434 #UTIL: 7483
151 1143 1199 806 1084 157 465 1189 408 67 434 #UTIL: 7815
151 1143 1199 806 1084 157 465 1189 408 434 #UTIL: 7443
151 1143 1199 806 1084 157 465 108 323 408 #UTIL: 7567
151 1143 1199 806 1084 157 465 108 323 408 67 #UTIL: 7939
151 1143 1199 806 1084 157 465 108 323 408 67 434 #UTIL: 8649
151 1143 1199 806 1084 157 465 108 323 408 434 #UTIL: 8277
151 1143 1199 806 1084 157 465 108 323 67 #UTIL: 7279
151 1143 1199 806 1084 157 465 108 323 67 434 #UTIL: 7989
151 1143 1199 806 1084 157 465 108 323 434 #UTIL: 7617
151 1143 1199 806 1084 157 465 108 408 67 #UTIL: 7239
151 1143 1199 806 1084 157 465 108 408 67 434 #UTIL: 7949
151 1143 1199 806 1084 157 465 108 408 434 #UTIL: 7577
151 1143 1199 806 1084 157 465 108 67 434 #UTIL: 7289
151 1143 1199 806 1084 157 465 323 408 67 #UTIL: 7501
151 1143 1199 806 1084 157 465 323 408 67 434 #UTIL: 8211
151 1143 1199 806 1084 157 465 323 408 434 #UTIL: 7839
151 1143 1199 806 1084 157 465 323 67 434 #UTIL: 7551
151 1143 1199 806 1084 157 465 408 67 434 #UTIL: 7511
151 1143 1199 806 1084 157 810 1189 108 323 408 67 #UTIL: 7290
151 1143 1199 806 1084 157 810 1189 108 323 408 67 434 #UTIL: 8000
151 1143 1199 806 1084 157 810 1189 108 323 408 434 #UTIL: 7628
151 1143 1199 806 1084 157 810 1189 108 323 67 434 #UTIL: 7340
151 1143 1199 806 1084 157 810 1189 108 408 67 434 #UTIL: 7300
151 1143 1199 806 1084 157 810 1189 323 408 67 434 #UTIL: 7562
151 1143 1199 806 1084 157 810 108 323 408 67 434 #UTIL: 7696
151 1143 1199 806 1084 157 810 108 323 408 434 #UTIL: 7324
151 1143 1199 806 1084 157 810 323 408 67 434 #UTIL: 7258
151 1143 1199 806 1084 157 1189 108 323 408 67 434 #UTIL: 7773
151 1143 1199 806 1084 157 1189 108 323 408 434 #UTIL: 7401
151 1143 1199 806 1084 157 1189 323 408 67 434 #UTIL: 7335
151 1143 1199 806 1084 157 108 323 408 67 434 #UTIL: 7469
151 1143 1199 806 1084 465 810 1189 108 323 408 #UTIL: 7213
151 1143 1199 806 1084 465 810 1189 108 323 408 67 #UTIL: 7585
151 1143 1199 806 1084 465 810 1189 108 323 408 67 434 #UTIL: 8295
151 1143 1199 806 1084 465 810 1189 108 323 408 434 #UTIL: 7923
151 1143 1199 806 1084 465 810 1189 108 323 67 434 #UTIL: 7635
151 1143 1199 806 1084 465 810 1189 108 323 434 #UTIL: 7263
151 1143 1199 806 1084 465 810 1189 108 408 67 434 #UTIL: 7595
151 1143 1199 806 1084 465 810 1189 108 408 434 #UTIL: 7223
151 1143 1199 806 1084 465 810 1189 323 408 67 434 #UTIL: 7857
151 1143 1199 806 1084 465 810 1189 323 408 434 #UTIL: 7485
151 1143 1199 806 1084 465 810 108 323 408 67 #UTIL: 7281
151 1143 1199 806 1084 465 810 108 323 408 67 434 #UTIL: 7991
151 1143 1199 806 1084 465 810 108 323 408 434 #UTIL: 7619
151 1143 1199 806 1084 465 810 108 323 67 434 #UTIL: 7331
151 1143 1199 806 1084 465 810 108 408 67 434 #UTIL: 7291
151 1143 1199 806 1084 465 810 323 408 67 434 #UTIL: 7553
151 1143 1199 806 1084 465 1189 108 323 408 67 #UTIL: 7358
151 1143 1199 806 1084 465 1189 108 323 408 67 434 #UTIL: 8068
151 1143 1199 806 1084 465 1189 108 323 408 434 #UTIL: 7696
151 1143 1199 806 1084 465 1189 108 323 67 434 #UTIL: 7408
151 1143 1199 806 1084 465 1189 108 408 67 434 #UTIL: 7368
151 1143 1199 806 1084 465 1189 323 408 67 434 #UTIL: 7630
151 1143 1199 806 1084 465 1189 323 408 434 #UTIL: 7258
151 1143 1199 806 1084 465 108 323 408 67 434 #UTIL: 7764
151 1143 1199 806 1084 465 108 323 408 434 #UTIL: 7392
151 1143 1199 806 1084 465 323 408 67 434 #UTIL: 7326
151 1143 1199 806 157 465 810 1189 108 323 408 #UTIL: 7550
151 1143 1199 806 157 465 810 1189 108 323 408 67 #UTIL: 7922
151 1143 1199 806 157 465 810 1189 108 323 408 67 434 #UTIL: 8632
151 1143 1199 806 157 465 810 1189 108 323 408 434 #UTIL: 8260
151 1143 1199 806 157 465 810 1189 108 323 67 #UTIL: 7262
151 1143 1199 806 157 465 810 1189 108 323 67 434 #UTIL: 7972
151 1143 1199 806 157 465 810 1189 108 323 434 #UTIL: 7600
151 1143 1199 806 157 465 810 1189 108 408 67 #UTIL: 7222
151 1143 1199 806 157 465 810 1189 108 408 67 434 #UTIL: 7932
151 1143 1199 806 157 465 810 1189 108 408 434 #UTIL: 7560
151 1143 1199 806 157 465 810 1189 108 67 434 #UTIL: 7272
151 1143 1199 806 157 465 810 1189 323 408 67 #UTIL: 7484
151 1143 1199 806 157 465 810 1189 323 408 67 434 #UTIL: 8194
151 1143 1199 806 157 465 810 1189 323 408 434 #UTIL: 7822
151 1143 1199 806 157 465 810 1189 323 67 434 #UTIL: 7534
151 1143 1199 806 157 465 810 1189 408 67 434 #UTIL: 7494
151 1143 1199 806 157 465 810 108 323 408 #UTIL: 7246
151 1143 1199 806 157 465 810 108 323 408 67 #UTIL: 7618
151 1143 1199 806 157 465 810 108 323 408 67 434 #UTIL: 8328
151 1143 1199 806 157 465 810 108 323 408 434 #UTIL: 7956
151 1143 1199 806 157 465 810 108 323 67 434 #UTIL: 7668
151 1143 1199 806 157 465 810 108 323 434 #UTIL: 7296
151 1143 1199 806 157 465 810 108 408 67 434 #UTIL: 7628
151 1143 1199 806 157 465 810 108 408 434 #UTIL: 7256
151 1143 1199 806 157 465 810 323 408 67 434 #UTIL: 7890
151 1143 1199 806 157 465 810 323 408 434 #UTIL: 7518
151 1143 1199 806 157 465 810 323 67 434 #UTIL: 7230
151 1143 1199 806 157 465 1189 108 323 408 #UTIL: 7323
151 1143 1199 806 157 465 1189 108 323 408 67 #UTIL: 7695
151 1143 1199 806 157 465 1189 108 323 408 67 434 #UTIL: 8405
151 1143 1199 806 157 465 1189 108 323 408 434 #UTIL: 8033
151 1143 1199 806 157 465 1189 108 323 67 434 #UTIL: 7745
151 1143 1199 806 157 465 1189 108 323 434 #UTIL: 7373
151 1143 1199 806 157 465 1189 108 408 67 434 #UTIL: 7705
151 1143 1199 806 157 465 1189 108 408 434 #UTIL: 7333
151 1143 1199 806 157 465 1189 323 408 67 #UTIL: 7257
151 1143 1199 806 157 465 1189 323 408 67 434 #UTIL: 7967
151 1143 1199 806 157 465 1189 323 408 434 #UTIL: 7595
151 1143 1199 806 157 465 1189 323 67 434 #UTIL: 7307
151 1143 1199 806 157 465 1189 408 67 434 #UTIL: 7267
151 1143 1199 806 157 465 108 323 408 67 #UTIL: 7391
151 1143 1199 806 157 465 108 323 408 67 434 #UTIL: 8101
151 1143 1199 806 157 465 108 323 408 434 #UTIL: 7729
151 1143 1199 806 157 465 108 323 67 434 #UTIL: 7441
151 1143 1199 806 157 465 108 408 67 434 #UTIL: 7401
151 1143 1199 806 157 465 323 408 67 434 #UTIL: 7663
151 1143 1199 806 157 465 323 408 434 #UTIL: 7291
151 1143 1199 806 157 810 1189 108 323 408 67 434 #UTIL: 7452
151 1143 1199 806 157 1189 108 323 408 67 434 #UTIL: 7225
151 1143 1199 806 465 810 1189 108 323 408 67 434 #UTIL: 7747
151 1143 1199 806 465 810 1189 108 323 408 434 #UTIL: 7375
151 1143 1199 806 465 810 1189 323 408 67 434 #UTIL: 7309
151 1143 1199 806 465 810 108 323 408 67 434 #UTIL: 7443
151 1143 1199 806 465 1189 108 323 408 67 434 #UTIL: 7520
151 1143 1199 806 465 108 323 408 67 434 #UTIL: 7216
151 1143 1199 1084 157 465 810 1189 108 323 408 #UTIL: 7578
151 1143 1199 1084 157 465 810 1189 108 323 408 67 #UTIL: 7950
151 1143 1199 1084 157 465 810 1189 108 323 408 67 434 #UTIL: 8660
151 1143 1199 1084 157 465 810 1189 108 323 408 434 #UTIL: 8288
151 1143 1199 1084 157 465 810 1189 108 323 67 #UTIL: 7290
151 1143 1199 1084 157 465 810 1189 108 323 67 434 #UTIL: 8000
151 1143 1199 1084 157 465 810 1189 108 323 434 #UTIL: 7628
151 1143 1199 1084 157 465 810 1189 108 408 67 #UTIL: 7250
151 1143 1199 1084 157 465 810 1189 108 408 67 434 #UTIL: 7960
151 1143 1199 1084 157 465 810 1189 108 408 434 #UTIL: 7588
151 1143 1199 1084 157 465 810 1189 108 67 434 #UTIL: 7300
151 1143 1199 1084 157 465 810 1189 323 408 67 #UTIL: 7512
151 1143 1199 1084 157 465 810 1189 323 408 67 434 #UTIL: 8222
151 1143 1199 1084 157 465 810 1189 323 408 434 #UTIL: 7850
151 1143 1199 1084 157 465 810 1189 323 67 434 #UTIL: 7562
151 1143 1199 1084 157 465 810 1189 408 67 434 #UTIL: 7522
151 1143 1199 1084 157 465 810 108 323 408 #UTIL: 7274
151 1143 1199 1084 157 465 810 108 323 408 67 #UTIL: 7646
151 1143 1199 1084 157 465 810 108 323 408 67 434 #UTIL: 8356
151 1143 1199 1084 157 465 810 108 323 408 434 #UTIL: 7984
151 1143 1199 1084 157 465 810 108 323 67 434 #UTIL: 7696
151 1143 1199 1084 157 465 810 108 323 434 #UTIL: 7324
151 1143 1199 1084 157 465 810 108 408 67 434 #UTIL: 7656
151 1143 1199 1084 157 465 810 108 408 434 #UTIL: 7284
151 1143 1199 1084 157 465 810 323 408 67 #UTIL: 7208
151 1143 1199 1084 157 465 810 323 408 67 434 #UTIL: 7918
151 1143 1199 1084 157 465 810 323 408 434 #UTIL: 7546
151 1143 1199 1084 157 465 810 323 67 434 #UTIL: 7258
151 1143 1199 1084 157 465 810 408 67 434 #UTIL: 7218
151 1143 1199 1084 157 465 1189 108 323 408 #UTIL: 7351
151 1143 1199 1084 157 465 1189 108 323 408 67 #UTIL: 7723
151 1143 1199 1084 157 465 1189 108 323 408 67 434 #UTIL: 8433
151 1143 1199 1084 157 465 1189 108 323 408 434 #UTIL: 8061
151 1143 1199 1084 157 465 1189 108 323 67 434 #UTIL: 7773
151 1143 1199 1084 157 465 1189 108 323 434 #UTIL: 7401
151 1143 1199 1084 157 465 1189 108 408 67 434 #UTIL: 7733
151 1143 1199 1084 157 465 1189 108 408 434 #UTIL: 7361
151 1143 1199 1084 157 465 1189 323 408 67 #UTIL: 7285
151 1143 1199 1084 157 465 1189 323 408 67 434 #UTIL: 7995
151 1143 1199 1084 157 465 1189 323 408 434 #UTIL: 7623
151 1143 1199 1084 157 465 1189 323 67 434 #UTIL: 7335
151 1143 1199 1084 157 465 1189 408 67 434 #UTIL: 7295
151 1143 1199 1084 157 465 108 323 408 67 #UTIL: 7419
151 1143 1199 1084 157 465 108 323 408 67 434 #UTIL: 8129
151 1143 1199 1084 157 465 108 323 408 434 #UTIL: 7757
151 1143 1199 1084 157 465 108 323 67 434 #UTIL: 7469
151 1143 1199 1084 157 465 108 408 67 434 #UTIL: 7429
151 1143 1199 1084 157 465 323 408 67 434 #UTIL: 7691
151 1143 1199 1084 157 465 323 408 434 #UTIL: 7319
151 1143 1199 1084 157 810 1189 108 323 408 67 434 #UTIL: 7480
151 1143 1199 1084 157 1189 108 323 408 67 434 #UTIL: 7253
151 1143 1199 1084 465 810 1189 108 323 408 67 434 #UTIL: 7775
151 1143 1199 1084 465 810 1189 108 323 408 434 #UTIL: 7403
151 1143 1199 1084 465 810 1189 323 408 67 434 #UTIL: 7337
151 1143 1199 1084 465 810 108 323 408 67 434 #UTIL: 7471
151 1143 1199 1084 465 1189 108 323 408 67 434 #UTIL: 7548
151 1143 1199 1084 465 108 323 408 67 434 #UTIL: 7244
151 1143 1199 157 465 810 1189 108 323 408 67 #UTIL: 7402
151 1143 1199 157 465 810 1189 108 323 408 67 434 #UTIL: 8112
151 1143 1199 157 465 810 1189 108 323 408 434 #UTIL: 7740
151 1143 1199 157 465 810 1189 108 323 67 434 #UTIL: 7452
151 1143 1199 157 465 810 1189 108 408 67 434 #UTIL: 7412
151 1143 1199 157 465 810 1189 323 408 67 434 #UTIL: 7674
151 1143 1199 157 465 810 1189 323 408 434 #UTIL: 7302
151 1143 1199 157 465 810 108 323 408 67 434 #UTIL: 7808
151 1143 1199 157 465 810 108 323 408 434 #UTIL: 7436
151 1143 1199 157 465 810 323 408 67 434 #UTIL: 7370
151 1143 1199 157 465 1189 108 323 408 67 434 #UTIL: 7885
151 1143 1199 157 465 1189 108 323 408 434 #UTIL: 7513
151 1143 1199 157 465 1189 108 323 67 434 #UTIL: 7225
151 1143 1199 157 465 1189 323 408 67 434 #UTIL: 7447
151 1143 1199 157 465 108 323 408 67 434 #UTIL: 7581
151 1143 1199 157 465 108 323 408 434 #UTIL: 7209
151 1143 1199 465 810 1189 108 323 408 67 434 #UTIL: 7227
151 1143 806 1084 157 465 810 1189 108 323 408 #UTIL: 7330
151 1143 806 1084 157 465 810 1189 108 323 408 67 #UTIL: 7702
151 1143 806 1084 157 465 810 1189 108 323 408 67 434 #UTIL: 8412
151 1143 806 1084 157 465 810 1189 108 323 408 434 #UTIL: 8040
151 1143 806 1084 157 465 810 1189 108 323 67 434 #UTIL: 7752
151 1143 806 1084 157 465 810 1189 108 323 434 #UTIL: 7380
151 1143 806 1084 157 465 810 1189 108 408 67 434 #UTIL: 7712
151 1143 806 1084 157 465 810 1189 108 408 434 #UTIL: 7340
151 1143 806 1084 157 465 810 1189 323 408 67 #UTIL: 7264
151 1143 806 1084 157 465 810 1189 323 408 67 434 #UTIL: 7974
151 1143 806 1084 157 465 810 1189 323 408 434 #UTIL: 7602
151 1143 806 1084 157 465 810 1189 323 67 434 #UTIL: 7314
151 1143 806 1084 157 465 810 1189 408 67 434 #UTIL: 7274
151 1143 806 1084 157 465 810 108 323 408 67 #UTIL: 7398
151 1143 806 1084 157 465 810 108 323 408 67 434 #UTIL: 8108
151 1143 806 1084 157 465 810 108 323 408 434 #UTIL: 7736
151 1143 806 1084 157 465 810 108 323 67 434 #UTIL: 7448
151 1143 806 1084 157 465 810 108 408 67 434 #UTIL: 7408
151 1143 806 1084 157 465 810 323 408 67 434 #UTIL: 7670
151 1143 806 1084 157 465 810 323 408 434 #UTIL: 7298
151 1143 806 1084 157 465 1189 108 323 408 67 #UTIL: 7475
151 1143 806 1084 157 465 1189 108 323 408 67 434 #UTIL: 8185
151 1143 806 1084 157 465 1189 108 323 408 434 #UTIL: 7813
151 1143 806 1084 157 465 1189 108 323 67 434 #UTIL: 7525
151 1143 806 1084 157 465 1189 108 408 67 434 #UTIL: 7485
151 1143 806 1084 157 465 1189 323 408 67 434 #UTIL: 7747
151 1143 806 1084 157 465 1189 323 408 434 #UTIL: 7375
151 1143 806 1084 157 465 108 323 408 67 434 #UTIL: 7881
151 1143 806 1084 157 465 108 323 408 434 #UTIL: 7509
151 1143 806 1084 157 465 108 323 67 434 #UTIL: 7221
151 1143 806 1084 157 465 323 408 67 434 #UTIL: 7443
151 1143 806 1084 157 810 1189 108 323 408 67 434 #UTIL: 7232
151 1143 806 1084 465 810 1189 108 323 408 67 434 #UTIL: 7527
151 1143 806 1084 465 810 108 323 408 67 434 #UTIL: 7223
151 1143 806 1084 465 1189 108 323 408 67 434 #UTIL: 7300
151 1143 806 157 465 810 1189 108 323 408 67 434 #UTIL: 7864
151 1143 806 157 465 810 1189 108 323 408 434 #UTIL: 7492
151 1143 806 157 465 810 1189 323 408 67 434 #UTIL: 7426
151 1143 806 157 465 810 108 323 408 67 434 #UTIL: 7560
151 1143 806 157 465 1189 108 323 408 67 434 #UTIL: 7637
151 1143 806 157 465 1189 108 323 408 434 #UTIL: 7265
151 1143 806 157 465 108 323 408 67 434 #UTIL: 7333
151 1143 1084 157 465 810 1189 108 323 408 67 434 #UTIL: 7892
151 1143 1084 157 465 810 1189 108 323 408 434 #UTIL: 7520
151 1143 1084 157 465 810 1189 108 323 67 434 #UTIL: 7232
151 1143 1084 157 465 810 1189 323 408 67 434 #UTIL: 7454
151 1143 1084 157 465 810 108 323 408 67 434 #UTIL: 7588
151 1143 1084 157 465 810 108 323 408 434 #UTIL: 7216
151 1143 1084 157 465 1189 108 323 408 67 434 #UTIL: 7665
151 1143 1084 157 465 1189 108 323 408 434 #UTIL: 7293
151 1143 1084 157 465 1189 323 408 67 434 #UTIL: 7227
151 1143 1084 157 465 108 323 408 67 434 #UTIL: 7361
151 1143 157 465 810 1189 108 323 408 67 434 #UTIL: 7344
151 1199 806 1084 157 465 810 1189 108 323 408 #UTIL: 7394
151 1199 806 1084 157 465 810 1189 108 323 408 67 #UTIL: 7766
151 1199 806 1084 157 465 810 1189 108 323 408 67 434 #UTIL: 8476
151 1199 806 1084 157 465 810 1189 108 323 408 434 #UTIL: 8104
151 1199 806 1084 157 465 810 1189 108 323 67 434 #UTIL: 7816
151 1199 806 1084 157 465 810 1189 108 323 434 #UTIL: 7444
151 1199 806 1084 157 465 810 1189 108 408 67 434 #UTIL: 7776
151 1199 806 1084 157 465 810 1189 108 408 434 #UTIL: 7404
151 1199 806 1084 157 465 810 1189 323 408 67 #UTIL: 7328
151 1199 806 1084 157 465 810 1189 323 408 67 434 #UTIL: 8038
151 1199 806 1084 157 465 810 1189 323 408 434 #UTIL: 7666
151 1199 806 1084 157 465 810 1189 323 67 434 #UTIL: 7378
151 1199 806 1084 157 465 810 1189 408 67 434 #UTIL: 7338
151 1199 806 1084 157 465 810 108 323 408 67 #UTIL: 7462
151 1199 806 1084 157 465 810 108 323 408 67 434 #UTIL: 8172
151 1199 806 1084 157 465 810 108 323 408 434 #UTIL: 7800
151 1199 806 1084 157 465 810 108 323 67 434 #UTIL: 7512
151 1199 806 1084 157 465 810 108 408 67 434 #UTIL: 7472
151 1199 806 1084 157 465 810 323 408 67 434 #UTIL: 7734
151 1199 806 1084 157 465 810 323 408 434 #UTIL: 7362
151 1199 806 1084 157 465 1189 108 323 408 67 #UTIL: 7539
151 1199 806 1084 157 465 1189 108 323 408 67 434 #UTIL: 8249
151 1199 806 1084 157 465 1189 108 323 408 434 #UTIL: 7877
151 1199 806 1084 157 465 1189 108 323 67 434 #UTIL: 7589
151 1199 806 1084 157 465 1189 108 323 434 #UTIL: 7217
151 1199 806 1084 157 465 1189 108 408 67 434 #UTIL: 7549
151 1199 806 1084 157 465 1189 323 408 67 434 #UTIL: 7811
151 1199 806 1084 157 465 1189 323 408 434 #UTIL: 7439
151 1199 806 1084 157 465 108 323 408 67 #UTIL: 7235
151 1199 806 1084 157 465 108 323 408 67 434 #UTIL: 7945
151 1199 806 1084 157 465 108 323 408 434 #UTIL: 7573
151 1199 806 1084 157 465 108 323 67 434 #UTIL: 7285
151 1199 806 1084 157 465 108 408 67 434 #UTIL: 7245
151 1199 806 1084 157 465 323 408 67 434 #UTIL: 7507
151 1199 806 1084 157 810 1189 108 323 408 67 434 #UTIL: 7296
151 1199 806 1084 465 810 1189 108 323 408 67 434 #UTIL: 7591
151 1199 806 1084 465 810 1189 108 323 408 434 #UTIL: 7219
151 1199 806 1084 465 810 108 323 408 67 434 #UTIL: 7287
151 1199 806 1084 465 1189 108 323 408 67 434 #UTIL: 7364
151 1199 806 157 465 810 1189 108 323 408 67 #UTIL: 7218
151 1199 806 157 465 810 1189 108 323 408 67 434 #UTIL: 7928
151 1199 806 157 465 810 1189 108 323 408 434 #UTIL: 7556
151 1199 806 157 465 810 1189 108 323 67 434 #UTIL: 7268
151 1199 806 157 465 810 1189 108 408 67 434 #UTIL: 7228
151 1199 806 157 465 810 1189 323 408 67 434 #UTIL: 7490
151 1199 806 157 465 810 108 323 408 67 434 #UTIL: 7624
151 1199 806 157 465 810 108 323 408 434 #UTIL: 7252
151 1199 806 157 465 1189 108 323 408 67 434 #UTIL: 7701
151 1199 806 157 465 1189 108 323 408 434 #UTIL: 7329
151 1199 806 157 465 1189 323 408 67 434 #UTIL: 7263
151 1199 806 157 465 108 323 408 67 434 #UTIL: 7397
151 1199 1084 157 465 810 1189 108 323 408 67 #UTIL: 7246
151 1199 1084 157 465 810 1189 108 323 408 67 434 #UTIL: 7956
151 1199 1084 157 465 810 1189 108 323 408 434 #UTIL: 7584
151 1199 1084 157 465 810 1189 108 323 67 434 #UTIL: 7296
151 1199 1084 157 465 810 1189 108 408 67 434 #UTIL: 7256
151 1199 1084 157 465 810 1189 323 408 67 434 #UTIL: 7518
151 1199 1084 157 465 810 108 323 408 67 434 #UTIL: 7652
151 1199 1084 157 465 810 108 323 408 434 #UTIL: 7280
151 1199 1084 157 465 810 323 408 67 434 #UTIL: 7214
151 1199 1084 157 465 1189 108 323 408 67 434 #UTIL: 7729
151 1199 1084 157 465 1189 108 323 408 434 #UTIL: 7357
151 1199 1084 157 465 1189 323 408 67 434 #UTIL: 7291
151 1199 1084 157 465 108 323 408 67 434 #UTIL: 7425
151 1199 157 465 810 1189 108 323 408 67 434 #UTIL: 7408
151 806 1084 157 465 810 1189 108 323 408 67 434 #UTIL: 7708
151 806 1084 157 465 810 1189 108 323 408 434 #UTIL: 7336
151 806 1084 157 465 810 1189 323 408 67 434 #UTIL: 7270
151 806 1084 157 465 810 108 323 408 67 434 #UTIL: 7404
151 806 1084 157 465 1189 108 323 408 67 434 #UTIL: 7481
367 #UTIL: 8027
866 #UTIL: 8304
866 683 1066 34 1076 1282 #UTIL: 7804
1011 #UTIL: 7608
1024 #UTIL: 9085
1024 1186 1446 1236 237 244 287 1512 271 414 404 1436 #UTIL: 7359
1024 1186 1446 1236 237 244 287 1512 271 414 404 1436 94 #UTIL: 7483
1024 1186 1446 1236 237 244 287 1512 271 414 404 1436 94 1340 #UTIL: 8511
1024 1186 1446 1236 237 244 287 1512 271 414 404 1436 1340 #UTIL: 8387
1024 1186 1446 1236 237 244 287 1512 271 414 404 94 #UTIL: 7207
1024 1186 1446 1236 237 244 287 1512 271 414 404 94 1340 #UTIL: 8235
1024 1186 1446 1236 237 244 287 1512 271 414 404 1340 #UTIL: 8111
1024 1186 1446 1236 237 244 287 1512 271 414 1436 94 1340 #UTIL: 8011
1024 1186 1446 1236 237 244 287 1512 271 414 1436 1340 #UTIL: 7887
1024 1186 1446 1236 237 244 287 1512 271 414 94 1340 #UTIL: 7735
1024 1186 1446 1236 237 244 287 1512 271 414 1340 #UTIL: 7611
1024 1186 1446 1236 237 244 287 1512 271 404 1436 94 1340 #UTIL: 7680
1024 1186 1446 1236 237 244 287 1512 271 404 1436 1340 #UTIL: 7556
1024 1186 1446 1236 237 244 287 1512 271 404 94 1340 #UTIL: 7404
1024 1186 1446 1236 237 244 287 1512 271 404 1340 #UTIL: 7280
1024 1186 1446 1236 237 244 287 1512 414 404 1436 94 1340 #UTIL: 8037
1024 1186 1446 1236 237 244 287 1512 414 404 1436 1340 #UTIL: 7913
1024 1186 1446 1236 237 244 287 1512 414 404 94 1340 #UTIL: 7761
1024 1186 1446 1236 237 244 287 1512 414 404 1340 #UTIL: 7637
1024 1186 1446 1236 237 244 287 1512 414 1436 94 1340 #UTIL: 7537
1024 1186 1446 1236 237 244 287 1512 414 1436 1340 #UTIL: 7413
1024 1186 1446 1236 237 244 287 1512 414 94 1340 #UTIL: 7261
1024 1186 1446 1236 237 244 287 271 414 404 1436 94 #UTIL: 7321
1024 1186 1446 1236 237 244 287 271 414 404 1436 94 1340 #UTIL: 8349
1024 1186 1446 1236 237 244 287 271 414 404 1436 1340 #UTIL: 8225
1024 1186 1446 1236 237 244 287 271 414 404 94 1340 #UTIL: 8073
1024 1186 1446 1236 237 244 287 271 414 404 1340 #UTIL: 7949
1024 1186 1446 1236 237 244 287 271 414 1436 94 1340 #UTIL: 7849
1024 1186 1446 1236 237 244 287 271 414 1436 1340 #UTIL: 7725
1024 1186 1446 1236 237 244 287 271 414 94 1340 #UTIL: 7573
1024 1186 1446 1236 237 244 287 271 414 1340 #UTIL: 7449
1024 1186 1446 1236 237 244 287 271 404 1436 94 1340 #UTIL: 7518
1024 1186 1446 1236 237 244 287 271 404 1436 1340 #UTIL: 7394
1024 1186 1446 1236 237 244 287 271 404 94 1340 #UTIL: 7242
1024 1186 1446 1236 237 244 287 414 404 1436 94 1340 #UTIL: 7875
1024 1186 1446 1236 237 244 287 414 404 1436 1340 #UTIL: 7751
1024 1186 1446 1236 237 244 287 414 404 94 1340 #UTIL: 7599
1024 1186 1446 1236 237 244 287 414 404 1340 #UTIL: 7475
1024 1186 1446 1236 237 244 287 414 1436 94 1340 #UTIL: 7375
1024 1186 1446 1236 237 244 287 414 1436 1340 #UTIL: 7251
1024 1186 1446 1236 237 244 1512 271 414 404 1436 94 1340 #UTIL: 8199
1024 1186 1446 1236 237 244 1512 271 414 404 1436 1340 #UTIL: 8075
1024 1186 1446 1236 237 244 1512 271 414 404 94 1340 #UTIL: 7923
1024 1186 1446 1236 237 244 1512 271 414 404 1340 #UTIL: 7799
1024 1186 1446 1236 237 244 1512 271 414 1436 94 1340 #UTIL: 7699
1024 1186 1446 1236 237 244 1512 271 414 1436 1340 #UTIL: 7575
1024 1186 1446 1236 237 244 1512 271 414 94 1340 #UTIL: 7423
1024 1186 1446 1236 237 244 1512 271 414 1340 #UTIL: 7299
1024 1186 1446 1236 237 244 1512 271 404 1436 94 1340 #UTIL: 7368
1024 1186 1446 1236 237 244 1512 271 404 1436 1340 #UTIL: 7244
1024 1186 1446 1236 237 244 1512 414 404 1436 94 1340 #UTIL: 7725
1024 1186 1446 1236 237 244 1512 414 404 1436 1340 #UTIL: 7601
1024 1186 1446 1236 237 244 1512 414 404 94 1340 #UTIL: 7449
1024 1186 1446 1236 237 244 1512 414 404 1340 #UTIL: 7325
1024 1186 1446 1236 237 244 1512 414 1436 94 1340 #UTIL: 7225
1024 1186 1446 1236 237 244 271 414 404 1436 94 1340 #UTIL: 8037
1024 1186 1446 1236 237 244 271 414 404 1436 1340 #UTIL: 7913
1024 1186 1446 1236 237 244 271 414 404 94 1340 #UTIL: 7761
1024 1186 1446 1236 237 244 271 414 404 1340 #UTIL: 7637
1024 1186 1446 1236 237 244 271 414 1436 94 1340 #UTIL: 7537
1024 1186 1446 1236 237 244 271 414 1436 1340 #UTIL: 7413
1024 1186 1446 1236 237 244 271 414 94 1340 #UTIL: 7261
1024 1186 1446 1236 237 244 414 404 1436 94 1340 #UTIL: 7563
1024 1186 1446 1236 237 244 414 404 1436 1340 #UTIL: 7439
1024 1186 1446 1236 237 244 414 404 94 1340 #UTIL: 7287
1024 1186 1446 1236 237 287 1512 271 414 404 1436 94 1340 #UTIL: 7701
1024 1186 1446 1236 237 287 1512 271 414 404 1436 1340 #UTIL: 7577
1024 1186 1446 1236 237 287 1512 271 414 404 94 1340 #UTIL: 7425
1024 1186 1446 1236 237 287 1512 271 414 404 1340 #UTIL: 7301
1024 1186 1446 1236 237 287 1512 414 404 1436 94 1340 #UTIL: 7227
1024 1186 1446 1236 237 287 271 414 404 1436 94 1340 #UTIL: 7539
1024 1186 1446 1236 237 287 271 414 404 1436 1340 #UTIL: 7415
1024 1186 1446 1236 237 287 271 414 404 94 1340 #UTIL: 7263
1024 1186 1446 1236 237 1512 271 414 404 1436 94 1340 #UTIL: 7389
1024 1186 1446 1236 237 1512 271 414 404 1436 1340 #UTIL: 7265
1024 1186 1446 1236 237 271 414 404 1436 94 1340 #UTIL: 7227
1024 1186 1446 1236 244 287 1512 271 414 404 1436 94 1340 #UTIL: 7975
1024 1186 1446 1236 244 287 1512 271 414 404 1436 1340 #UTIL: 7851
1024 1186 1446 1236 244 287 1512 271 414 404 94 1340 #UTIL: 7699
1024 1186 1446 1236 244 287 1512 271 414 404 1340 #UTIL: 7575
1024 1186 1446 1236 244 287 1512 271 414 1436 94 1340 #UTIL: 7475
1024 1186 1446 1236 244 287 1512 271 414 1436 1340 #UTIL: 7351
1024 1186 1446 1236 244 287 1512 414 404 1436 94 1340 #UTIL: 7501
1024 1186 1446 1236 244 287 1512 414 404 1436 1340 #UTIL: 7377
1024 1186 1446 1236 244 287 1512 414 404 94 1340 #UTIL: 7225
1024 1186 1446 1236 244 287 271 414 404 1436 94 1340 #UTIL: 7813
1024 1186 1446 1236 244 287 271 414 404 1436 1340 #UTIL: 7689
1024 1186 1446 1236 244 287 271 414 404 94 1340 #UTIL: 7537
1024 1186 1446 1236 244 287 271 414 404 1340 #UTIL: 7413
1024 1186 1446 1236 244 287 271 414 1436 94 1340 #UTIL: 7313
1024 1186 1446 1236 244 287 414 404 1436 94 1340 #UTIL: 7339
1024 1186 1446 1236 244 287 414 404 1436 1340 #UTIL: 7215
1024 1186 1446 1236 244 1512 271 414 404 1436 94 1340 #UTIL: 7663
1024 1186 1446 1236 244 1512 271 414 404 1436 1340 #UTIL: 7539
1024 1186 1446 1236 244 1512 271 414 404 94 1340 #UTIL: 7387
1024 1186 1446 1236 244 1512 271 414 404 1340 #UTIL: 7263
1024 1186 1446 1236 244 271 414 404 1436 94 1340 #UTIL: 7501
1024 1186 1446 1236 244 271 414 404 1436 1340 #UTIL: 7377
1024 1186 1446 1236 244 271 414 404 94 1340 #UTIL: 7225
1024 1186 1446 237 244 287 1512 271 414 404 1436 94 1340 #UTIL: 7515
1024 1186 1446 237 244 287 1512 271 414 404 1436 1340 #UTIL: 7391
1024 1186 1446 237 244 287 1512 271 414 404 94 1340 #UTIL: 7239
1024 1186 1446 237 244 287 271 414 404 1436 94 1340 #UTIL: 7353
1024 1186 1446 237 244 287 271 414 404 1436 1340 #UTIL: 7229
1024 1186 1236 237 244 287 1512 271 414 404 1436 94 1340 #UTIL: 8133
1024 1186 1236 237 244 287 1512 271 414 404 1436 1340 #UTIL: 8009
1024 1186 1236 237 244 287 1512 271 414 404 94 1340 #UTIL: 7857
1024 1186 1236 237 244 287 1512 271 414 404 1340 #UTIL: 7733
1024 1186 1236 237 244 287 1512 271 414 1436 94 1340 #UTIL: 7633
1024 1186 1236 237 244 287 1512 271 414 1436 1340 #UTIL: 7509
1024 1186 1236 237 244 287 1512 271 414 94 1340 #UTIL: 7357
1024 1186 1236 237 244 287 1512 271 414 1340 #UTIL: 7233
1024 1186 1236 237 244 287 1512 271 404 1436 94 1340 #UTIL: 7302
1024 1186 1236 237 244 287 1512 414 404 1436 94 1340 #UTIL: 7659
1024 1186 1236 237 244 287 1512 414 404 1436 1340 #UTIL: 7535
1024 1186 1236 237 244 287 1512 414 404 94 1340 #UTIL: 7383
1024 1186 1236 237 244 287 1512 414 404 1340 #UTIL: 7259
1024 1186 1236 237 244 287 271 414 404 1436 94 1340 #UTIL: 7971
1024 1186 1236 237 244 287 271 414 404 1436 1340 #UTIL: 7847
1024 1186 1236 237 244 287 271 414 404 94 1340 #UTIL: 7695
1024 1186 1236 237 244 287 271 414 404 1340 #UTIL: 7571
1024 1186 1236 237 244 287 271 414 1436 94 1340 #UTIL: 7471
1024 1186 1236 237 244 287 271 414 1436 1340 #UTIL: 7347
1024 1186 1236 237 244 287 414 404 1436 94 1340 #UTIL: 7497
1024 1186 1236 237 244 287 414 404 1436 1340 #UTIL: 7373
1024 1186 1236 237 244 287 414 404 94 1340 #UTIL: 7221
1024 1186 1236 237 244 1512 271 414 404 1436 94 1340 #UTIL: 7821
1024 1186 1236 237 244 1512 271 414 404 1436 1340 #UTIL: 7697
1024 1186 1236 237 244 1512 271 414 404 94 1340 #UTIL: 7545
1024 1186 1236 237 244 1512 271 414 404 1340 #UTIL: 7421
1024 1186 1236 237 244 1512 271 414 1436 94 1340 #UTIL: 7321
1024 1186 1236 237 244 1512 414 404 1436 94 1340 #UTIL: 7347
1024 1186 1236 237 244 1512 414 404 1436 1340 #UTIL: 7223
1024 1186 1236 237 244 271 414 404 1436 94 1340 #UTIL: 7659
1024 1186 1236 237 244 271 414 404 1436 1340 #UTIL: 7535
1024 1186 1236 237 244 271 414 404 94 1340 #UTIL: 7383
1024 1186 1236 237 244 271 414 404 1340 #UTIL: 7259
1024 1186 1236 237 287 1512 271 414 404 1436 94 1340 #UTIL: 7323
1024 1186 1236 244 287 1512 271 414 404 1436 94 1340 #UTIL: 7597
1024 1186 1236 244 287 1512 271 414 404 1436 1340 #UTIL: 7473
1024 1186 1236 244 287 1512 271 414 404 94 1340 #UTIL: 7321
1024 1186 1236 244 287 271 414 404 1436 94 1340 #UTIL: 7435
1024 1186 1236 244 287 271 414 404 1436 1340 #UTIL: 7311
1024 1186 1236 244 1512 271 414 404 1436 94 1340 #UTIL: 7285
1024 1446 1236 237 244 287 1512 271 414 404 1436 94 1340 #UTIL: 8007
1024 1446 1236 237 244 287 1512 271 414 404 1436 1340 #UTIL: 7883
1024 1446 1236 237 244 287 1512 271 414 404 94 1340 #UTIL: 7731
1024 1446 1236 237 244 287 1512 271 414 404 1340 #UTIL: 7607
1024 1446 1236 237 244 287 1512 271 414 1436 94 1340 #UTIL: 7507
1024 1446 1236 237 244 287 1512 271 414 1436 1340 #UTIL: 7383
1024 1446 1236 237 244 287 1512 271 414 94 1340 #UTIL: 7231
1024 1446 1236 237 244 287 1512 414 404 1436 94 1340 #UTIL: 7533
1024 1446 1236 237 244 287 1512 414 404 1436 1340 #UTIL: 7409
1024 1446 1236 237 244 287 1512 414 404 94 1340 #UTIL: 7257
1024 1446 1236 237 244 287 271 414 404 1436 94 1340 #UTIL: 7845
1024 1446 1236 237 244 287 271 414 404 1436 1340 #UTIL: 7721
1024 1446 1236 237 244 287 271 414 404 94 1340 #UTIL: 7569
1024 1446 1236 237 244 287 271 414 404 1340 #UTIL: 7445
1024 1446 1236 237 244 287 271 414 1436 94 1340 #UTIL: 7345
1024 1446 1236 237 244 287 271 414 1436 1340 #UTIL: 7221
1024 1446 1236 237 244 287 414 404 1436 94 1340 #UTIL: 7371
1024 1446 1236 237 244 287 414 404 1436 1340 #UTIL: 7247
1024 1446 1236 237 244 1512 271 414 404 1436 94 1340 #UTIL: 7695
1024 1446 1236 237 244 1512 271 414 404 1436 1340 #UTIL: 7571
1024 1446 1236 237 244 1512 271 414 404 94 1340 #UTIL: 7419
1024 1446 1236 237 244 1512 271 414 404 1340 #UTIL: 7295
1024 1446 1236 237 244 1512 414 404 1436 94 1340 #UTIL: 7221
1024 1446 1236 237 244 271 414 404 1436 94 1340 #UTIL: 7533
1024 1446 1236 237 244 271 414 404 1436 1340 #UTIL: 7409
1024 1446 1236 237 244 271 414 404 94 1340 #UTIL: 7257
1024 1446 1236 244 287 1512 271 414 404 1436 94 1340 #UTIL: 7471
1024 1446 1236 244 287 1512 271 414 404 1436 1340 #UTIL: 7347
1024 1446 1236 244 287 271 414 404 1436 94 1340 #UTIL: 7309
1024 1236 237 244 287 1512 271 414 404 1436 94 1340 #UTIL: 7629
1024 1236 237 244 287 1512 271 414 404 1436 1340 #UTIL: 7505
1024 1236 237 244 287 1512 271 414 404 94 1340 #UTIL: 7353
1024 1236 237 244 287 1512 271 414 404 1340 #UTIL: 7229
1024 1236 237 244 287 271 414 404 1436 94 1340 #UTIL: 7467
1024 1236 237 244 287 271 414 404 1436 1340 #UTIL: 7343
1024 1236 237 244 1512 271 414 404 1436 94 1340 #UTIL: 7317
1112 #UTIL: 7518
1201 #UTIL: 8425
1415 #UTIL: 7980
1448 #UTIL: 9456
1452 #UTIL: 7514
19 #UTIL: 8932
62 #UTIL: 9168
62 66 456 445 724 508 882 #UTIL: 7391
62 66 456 445 724 508 882 753 #UTIL: 7769
62 66 456 445 724 508 882 753 304 #UTIL: 8147
62 66 456 445 724 508 882 304 #UTIL: 7769
62 66 456 445 724 508 753 304 #UTIL: 7400
62 66 456 445 508 882 753 304 #UTIL: 7265
86 #UTIL: 7722
109 #UTIL: 11060
172 #UTIL: 8300
265 #UTIL: 9025
302 #UTIL: 7590
481 #UTIL: 7695
481 594 327 1342 620 773 1077 1096 321 617 1373 #UTIL: 7684
481 594 327 1342 620 773 1077 1096 321 1373 #UTIL: 7221
481 594 327 1342 620 1077 1096 321 617 1373 #UTIL: 7471
481 594 327 1342 773 1077 1096 321 617 1373 #UTIL: 7465
481 594 327 1342 1077 1096 321 617 1373 #UTIL: 7252
481 594 1342 620 773 1077 1096 321 617 1373 #UTIL: 7444
481 594 1342 620 1077 1096 321 617 1373 #UTIL: 7231
481 594 1342 773 1077 1096 321 617 1373 #UTIL: 7225
481 327 1342 620 773 1077 1096 321 617 1373 #UTIL: 7510
481 327 1342 620 1077 1096 321 617 1373 #UTIL: 7297
481 327 1342 773 1077 1096 321 617 1373 #UTIL: 7291
481 1342 620 773 1077 1096 321 617 1373 #UTIL: 7270
499 #UTIL: 8288
630 #UTIL: 7280
645 #UTIL: 8632
660 #UTIL: 8120
711 #UTIL: 7514
731 #UTIL: 9906
758 #UTIL: 7975
796 1279 430 819 1472 #UTIL: 8220
796 1279 430 819 1472 1389 #UTIL: 9535
796 1279 430 819 1389 #UTIL: 8215
796 1279 430 1472 1389 #UTIL: 7319
796 1279 819 1472 1389 #UTIL: 8275
875 #UTIL: 8600
955 #UTIL: 9192
971 #UTIL: 7410
1128 #UTIL: 7569
1143 1199 806 1084 157 465 810 1189 108 323 408 67 #UTIL: 7306
1143 1199 806 1084 157 465 810 1189 108 323 408 67 434 #UTIL: 8016
1143 1199 806 1084 157 465 810 1189 108 323 408 434 #UTIL: 7644
1143 1199 806 1084 157 465 810 1189 108 323 67 434 #UTIL: 7356
1143 1199 806 1084 157 465 810 1189 108 408 67 434 #UTIL: 7316
1143 1199 806 1084 157 465 810 1189 323 408 67 434 #UTIL: 7578
1143 1199 806 1084 157 465 810 108 323 408 67 434 #UTIL: 7712
1143 1199 806 1084 157 465 810 108 323 408 434 #UTIL: 7340
1143 1199 806 1084 157 465 810 323 408 67 434 #UTIL: 7274
1143 1199 806 1084 157 465 1189 108 323 408 67 434 #UTIL: 7789
1143 1199 806 1084 157 465 1189 108 323 408 434 #UTIL: 7417
1143 1199 806 1084 157 465 1189 323 408 67 434 #UTIL: 7351
1143 1199 806 1084 157 465 108 323 408 67 434 #UTIL: 7485
1143 1199 806 157 465 810 1189 108 323 408 67 434 #UTIL: 7468
1143 1199 806 157 465 1189 108 323 408 67 434 #UTIL: 7241
1143 1199 1084 157 465 810 1189 108 323 408 67 434 #UTIL: 7496
1143 1199 1084 157 465 1189 108 323 408 67 434 #UTIL: 7269
1143 806 1084 157 465 810 1189 108 323 408 67 434 #UTIL: 7248
1440 #UTIL: 8149
4 #UTIL: 9464
4 229 289 406 395 639 508 1464 #UTIL: 7985
4 229 289 406 395 639 1464 #UTIL: 7227
4 229 289 395 639 508 1464 #UTIL: 7329
4 229 406 395 639 508 1464 #UTIL: 7437
4 940 104 640 #UTIL: 7566
71 #UTIL: 7449
84 #UTIL: 8149
146 #UTIL: 8426
183 #UTIL: 7230
183 722 306 639 1354 1392 83 606 #UTIL: 7639
183 722 306 639 1354 83 606 #UTIL: 7390
205 351 494 222 #UTIL: 7392
216 #UTIL: 10440
250 #UTIL: 7770
263 #UTIL: 9880
263 1538 80 313 #UTIL: 8098
269 #UTIL: 8520
309 #UTIL: 8688
331 #UTIL: 8207
396 #UTIL: 9720
450 #UTIL: 9099
539 #UTIL: 8602
638 #UTIL: 8815
648 #UTIL: 7888
672 #UTIL: 10020
746 #UTIL: 10347
799 #UTIL: 8804
880 #UTIL: 9855
979 #UTIL: 11340
990 #UTIL: 8736
990 1227 491 #UTIL: 8215
1010 #UTIL: 7685
1060 #UTIL: 7462
1148 #UTIL: 8070
1169 #UTIL: 8344
1199 #UTIL: 7936
1199 806 1084 157 465 810 1189 108 323 408 67 434 #UTIL: 7312
1226 #UTIL: 9176
1236 #UTIL: 8964
1273 #UTIL: 8606
1322 #UTIL: 8640
1352 #UTIL: 7420
1395 #UTIL: 9145
1424 #UTIL: 10948
1424 1227 478 1274 940 1550 1210 308 #UTIL: 7895
1424 1227 478 1274 940 1550 308 #UTIL: 7215
1424 1227 478 940 1550 1210 308 #UTIL: 7371
1454 #UTIL: 8136
1457 #UTIL: 9018
1471 678 1527 1481 163 79 1045 #UTIL: 7426
42 #UTIL: 9306
65 #UTIL: 10904
72 #UTIL: 8768
77 #UTIL: 8680
99 #UTIL: 8260
184 #UTIL: 9855
193 #UTIL: 12510
193 936 1325 449 932 170 283 #UTIL: 7560
193 936 1325 449 932 170 283 387 #UTIL: 8283
193 936 1325 449 932 283 387 #UTIL: 7323
193 936 1325 449 170 283 387 #UTIL: 7488
193 936 449 932 170 283 #UTIL: 7274
193 936 449 932 170 283 387 #UTIL: 7997
197 #UTIL: 8730
221 #UTIL: 11712
237 #UTIL: 7769
244 #UTIL: 7560
372 #UTIL: 10746
372 1331 1254 1310 1493 #UTIL: 7239
372 1331 1254 1310 1493 528 #UTIL: 7623
372 1331 1254 1310 1493 528 728 #UTIL: 8001
372 1331 1254 1310 1493 728 #UTIL: 7617
432 #UTIL: 7520
432 415 968 1118 502 #UTIL: 8790
432 415 1118 502 #UTIL: 7894
439 #UTIL: 10850
444 #UTIL: 7770
461 #UTIL: 7888
462 #UTIL: 7208
476 #UTIL: 11284
517 #UTIL: 9516
525 #UTIL: 9405
551 #UTIL: 11235
612 #UTIL: 7378
641 #UTIL: 11144
675 #UTIL: 10770
678 #UTIL: 12546
708 #UTIL: 12512
717 #UTIL: 13328
722 #UTIL: 8773
755 #UTIL: 9238
768 #UTIL: 7726
777 #UTIL: 10416
802 #UTIL: 8073
806 #UTIL: 7800
843 #UTIL: 10584
892 #UTIL: 8463
892 1269 952 316 83 1398 #UTIL: 8106
892 1269 952 83 1398 #UTIL: 7713
935 #UTIL: 9240
970 #UTIL: 9952
972 #UTIL: 7359
982 #UTIL: 9216
982 1431 339 772 1281 #UTIL: 8462
982 1431 339 772 1281 988 #UTIL: 12072
982 1431 339 772 988 #UTIL: 9856
982 1431 339 1281 988 #UTIL: 10520
982 1431 339 988 #UTIL: 8304
982 1431 772 1281 #UTIL: 7482
982 1431 772 1281 988 #UTIL: 11092
982 1431 772 988 #UTIL: 8876
982 1431 1281 988 #UTIL: 9540
982 1431 988 #UTIL: 7324
982 339 772 1281 988 #UTIL: 10662
982 339 772 988 #UTIL: 8446
982 339 1281 988 #UTIL: 9110
982 772 1281 988 #UTIL: 9682
982 772 988 #UTIL: 7466
982 1281 988 #UTIL: 8130
987 #UTIL: 9065
997 #UTIL: 10524
1005 #UTIL: 7946
1017 #UTIL: 10115
1034 #UTIL: 9603
1058 #UTIL: 8272
1091 #UTIL: 10680
1114 #UTIL: 11286
1115 #UTIL: 7750
1170 #UTIL: 8745
1194 #UTIL: 9273
1194 325 862 868 80 352 1161 225 #UTIL: 7720
1194 325 862 868 80 1161 225 #UTIL: 7452
1194 862 868 80 352 1161 225 #UTIL: 7418
1198 #UTIL: 10975
1206 #UTIL: 12004
1227 #UTIL: 8992
1231 #UTIL: 11130
1284 #UTIL: 8262
1299 #UTIL: 9102
1309 #UTIL: 10034
1311 #UTIL: 10626
1323 #UTIL: 8232
1331 #UTIL: 9316
1341 #UTIL: 10350
1342 #UTIL: 11936
1360 #UTIL: 7260
1369 #UTIL: 9802
1377 #UTIL: 7641
1385 #UTIL: 8640
1396 #UTIL: 7950
1403 #UTIL: 7564
1427 #UTIL: 10464
1447 #UTIL: 9176
1467 #UTIL: 12416
1475 #UTIL: 9968
1506 #UTIL: 9604
1525 #UTIL: 12969
1527 #UTIL: 9688
1533 #UTIL: 7250
1537 #UTIL: 8463
7 #UTIL: 8352
25 930 1500 541 907 1389 #UTIL: 8559
25 930 1500 907 1389 #UTIL: 7431
25 1500 541 907 1389 #UTIL: 7375
58 #UTIL: 8778
66 #UTIL: 11352
66 456 445 724 508 882 753 304 #UTIL: 7383
68 #UTIL: 12104
117 #UTIL: 10175
123 #UTIL: 14976
138 #UTIL: 9180
141 #UTIL: 13362
142 #UTIL: 9044
157 #UTIL: 8555
160 #UTIL: 7668
196 #UTIL: 8645
229 #UTIL: 8697
233 #UTIL: 9102
241 #UTIL: 9894
252 #UTIL: 9756
279 #UTIL: 10998
295 #UTIL: 9672
303 #UTIL: 9030
354 #UTIL: 8100
358 #UTIL: 13125
388 #UTIL: 7990
405 #UTIL: 12177
465 #UTIL: 10030
466 #UTIL: 9994
467 #UTIL: 12192
478 #UTIL: 9312
478 407 950 1093 528 1426 382 #UTIL: 7326
498 #UTIL: 8155
533 #UTIL: 8228
535 #UTIL: 9940
537 #UTIL: 9010
544 #UTIL: 10915
544 1107 1184 1540 1081 1473 924 #UTIL: 8198
544 1107 1184 1540 1473 924 #UTIL: 7325
544 1184 1540 1081 1473 924 #UTIL: 7388
559 #UTIL: 13983
569 #UTIL: 11692
573 #UTIL: 10170
578 #UTIL: 8244
587 #UTIL: 10464
592 #UTIL: 7936
607 #UTIL: 9174
653 #UTIL: 10286
661 #UTIL: 8424
662 #UTIL: 7585
677 #UTIL: 9768
698 #UTIL: 9320
706 #UTIL: 10726
713 #UTIL: 13840
714 #UTIL: 10260
763 #UTIL: 8921
785 #UTIL: 7517
797 #UTIL: 8541
805 #UTIL: 9216
847 #UTIL: 13824
865 #UTIL: 9758
912 #UTIL: 8153
936 #UTIL: 10842
953 #UTIL: 8768
966 #UTIL: 8217
986 #UTIL: 13650
1019 #UTIL: 13464
1019 17 576 726 104 67 1292 #UTIL: 7301
1026 #UTIL: 7242
1047 #UTIL: 11951
1066 #UTIL: 11271
1071 #UTIL: 9504
1101 #UTIL: 9432
1129 #UTIL: 8262
1157 #UTIL: 11088
1168 #UTIL: 12988
1196 #UTIL: 10220
1205 #UTIL: 7800
1239 #UTIL: 7290
1242 #UTIL: 7326
1248 #UTIL: 12653
1269 #UTIL: 13895
1270 #UTIL: 9684
1271 #UTIL: 12250
1313 #UTIL: 12152
1320 #UTIL: 8246
1349 #UTIL: 9276
1353 #UTIL: 8064
1365 727 1399 1426 #UTIL: 7632
1367 #UTIL: 11424
1381 #UTIL: 7595
1411 #UTIL: 7220
1421 #UTIL: 7952
1428 #UTIL: 11966
1429 #UTIL: 8880
1443 #UTIL: 7378
1477 #UTIL: 7830
1488 #UTIL: 7722
1495 #UTIL: 11832
1498 #UTIL: 7353
1505 #UTIL: 9350
1554 #UTIL: 8636
13 #UTIL: 9540
16 #UTIL: 13788
17 #UTIL: 11063
28 #UTIL: 14076
46 #UTIL: 11008
50 #UTIL: 14220
131 #UTIL: 9120
136 #UTIL: 13932
143 #UTIL: 8118
145 #UTIL: 8172
152 #UTIL: 10115
155 #UTIL: 13335
163 #UTIL: 9282
164 #UTIL: 11286
188 #UTIL: 9030
214 #UTIL: 9306
242 #UTIL: 10101
251 #UTIL: 9272
261 #UTIL: 12844
277 #UTIL: 9881
288 #UTIL: 10582
306 #UTIL: 14652
330 #UTIL: 14726
341 #UTIL: 9418
351 #UTIL: 10207
407 #UTIL: 12198
415 #UTIL: 11640
455 #UTIL: 7224
484 #UTIL: 12376
519 #UTIL: 12606
534 #UTIL: 11491
550 #UTIL: 9360
570 #UTIL: 8856
572 #UTIL: 9530
574 #UTIL: 10680
585 #UTIL: 9374
589 #UTIL: 9805
647 #UTIL: 10138
656 #UTIL: 13475
657 #UTIL: 7632
659 #UTIL: 12519
668 #UTIL: 14933
676 #UTIL: 12824
736 #UTIL: 7242
778 #UTIL: 10608
780 #UTIL: 10792
792 #UTIL: 7668
803 #UTIL: 13338
842 #UTIL: 13120
848 #UTIL: 8357
851 #UTIL: 9030
861 #UTIL: 9065
886 #UTIL: 11818
899 #UTIL: 7296
930 1500 541 907 1389 #UTIL: 7629
942 #UTIL: 7722
950 #UTIL: 13533
952 #UTIL: 11931
957 #UTIL: 10395
975 #UTIL: 14288
1015 #UTIL: 7227
1030 #UTIL: 10560
1073 #UTIL: 12765
1099 #UTIL: 13932
1138 #UTIL: 10004
1139 #UTIL: 10868
1159 #UTIL: 15498
1174 #UTIL: 8853
1179 #UTIL: 11046
1202 #UTIL: 16154
1209 #UTIL: 10530
1211 #UTIL: 14402
1245 #UTIL: 8116
1259 #UTIL: 7918
1277 #UTIL: 8890
1279 #UTIL: 11840
1279 430 819 1472 1389 #UTIL: 8479
1279 819 1472 1389 #UTIL: 7219
1383 #UTIL: 9583
1408 #UTIL: 9805
1431 #UTIL: 10434
1431 339 772 1281 988 #UTIL: 9768
1431 339 772 988 #UTIL: 7552
1431 339 1281 988 #UTIL: 8216
1431 772 1281 988 #UTIL: 8788
1431 1281 988 #UTIL: 7236
1450 #UTIL: 9141
1478 #UTIL: 9044
1491 #UTIL: 9030
1509 #UTIL: 11026
1529 #UTIL: 13407
1534 #UTIL: 10842
1539 #UTIL: 11456
1552 #UTIL: 9720
9 #UTIL: 9922
53 #UTIL: 14801
78 #UTIL: 8103
100 #UTIL: 8580
125 #UTIL: 9737
186 #UTIL: 9366
191 #UTIL: 12054
218 #UTIL: 14448
223 #UTIL: 14036
227 #UTIL: 7722
273 #UTIL: 8284
275 #UTIL: 12099
285 #UTIL: 7626
311 #UTIL: 8600
312 #UTIL: 8520
332 #UTIL: 8619
344 #UTIL: 8661
356 #UTIL: 8496
362 #UTIL: 16674
366 #UTIL: 9676
375 #UTIL: 8931
394 #UTIL: 12520
413 #UTIL: 8100
416 #UTIL: 13944
419 #UTIL: 16065
421 #UTIL: 11210
456 #UTIL: 11214
479 #UTIL: 8385
487 #UTIL: 10400
494 #UTIL: 8106
512 #UTIL: 12056
516 #UTIL: 7770
521 #UTIL: 14155
532 #UTIL: 15867
546 #UTIL: 10842
548 #UTIL: 10433
695 #UTIL: 14432
721 #UTIL: 9485
726 #UTIL: 11877
739 #UTIL: 8568
776 #UTIL: 16338
783 #UTIL: 10127
789 #UTIL: 12670
798 #UTIL: 10569
800 #UTIL: 12706
834 #UTIL: 10656
853 #UTIL: 12804
862 #UTIL: 10101
868 #UTIL: 15392
913 #UTIL: 7476
914 #UTIL: 10578
933 #UTIL: 12844
940 #UTIL: 11360
999 #UTIL: 10027
1006 #UTIL: 8988
1028 #UTIL: 8960
1049 #UTIL: 15327
1056 #UTIL: 11713
1062 #UTIL: 8330
1074 #UTIL: 11894
1088 #UTIL: 15604
1107 #UTIL: 9990
1117 #UTIL: 14560
1136 #UTIL: 15162
1152 #UTIL: 10520
1154 #UTIL: 7304
1184 #UTIL: 11928
1197 #UTIL: 13502
1208 #UTIL: 12341
1241 #UTIL: 12516
1251 #UTIL: 14320
1285 #UTIL: 8041
1290 #UTIL: 11235
1328 #UTIL: 10165
1346 #UTIL: 10105
1363 #UTIL: 9044
1366 #UTIL: 11311
1387 #UTIL: 14658
1402 #UTIL: 10360
1430 #UTIL: 13440
1435 #UTIL: 10336
1469 #UTIL: 8733
1483 #UTIL: 8520
1489 #UTIL: 7266
1500 #UTIL: 9640
1540 #UTIL: 14432
1555 #UTIL: 14160
1556 #UTIL: 10335
22 #UTIL: 10763
44 #UTIL: 12298
54 #UTIL: 12889
63 #UTIL: 12390
82 #UTIL: 12150
102 #UTIL: 11270
104 #UTIL: 15171
105 #UTIL: 13020
108 #UTIL: 9417
121 #UTIL: 11920
130 #UTIL: 9366
137 #UTIL: 17020
190 #UTIL: 14960
271 #UTIL: 10902
305 #UTIL: 14238
320 #UTIL: 16947
322 #UTIL: 13112
323 #UTIL: 15400
324 #UTIL: 7289
329 #UTIL: 7307
346 #UTIL: 9752
363 #UTIL: 8008
369 #UTIL: 8961
379 #UTIL: 15785
395 #UTIL: 9324
409 #UTIL: 18768
417 #UTIL: 11424
418 #UTIL: 14536
430 #UTIL: 8280
433 #UTIL: 7829
445 #UTIL: 14878
449 #UTIL: 15867
452 #UTIL: 11904
464 #UTIL: 14952
488 #UTIL: 10101
491 #UTIL: 14742
493 #UTIL: 12408
503 #UTIL: 8742
526 #UTIL: 11700
541 #UTIL: 8272
554 #UTIL: 14130
555 #UTIL: 12960
556 #UTIL: 13975
568 #UTIL: 12654
619 #UTIL: 10575
624 #UTIL: 10824
639 #UTIL: 15415
667 #UTIL: 10906
673 #UTIL: 11782
691 #UTIL: 11685
712 #UTIL: 17028
724 #UTIL: 13230
727 #UTIL: 7640
727 1399 1426 #UTIL: 7208
730 #UTIL: 8084
744 #UTIL: 14467
811 #UTIL: 14256
819 #UTIL: 11634
835 #UTIL: 15356
883 #UTIL: 13041
884 #UTIL: 12480
898 #UTIL: 7308
915 #UTIL: 12341
980 #UTIL: 7740
991 #UTIL: 13650
1063 #UTIL: 14303
1068 #UTIL: 8229
1070 #UTIL: 13689
1076 #UTIL: 14580
1077 #UTIL: 15455
1080 #UTIL: 10074
1086 #UTIL: 10365
1096 #UTIL: 9984
1116 #UTIL: 11377
1119 #UTIL: 13314
1142 #UTIL: 11800
1200 #UTIL: 8415
1213 #UTIL: 12301
1222 #UTIL: 9555
1240 #UTIL: 10385
1247 #UTIL: 8064
1254 #UTIL: 14680
1267 #UTIL: 7520
1272 #UTIL: 12152
1306 #UTIL: 10127
1310 #UTIL: 19102
1324 #UTIL: 12578
1336 #UTIL: 14916
1345 #UTIL: 16927
1356 #UTIL: 7360
1374 #UTIL: 13872
1416 #UTIL: 12788
1417 #UTIL: 13357
1455 #UTIL: 10364
1493 #UTIL: 16632
1502 #UTIL: 11521
1538 #UTIL: 12912
1550 #UTIL: 8869
8 #UTIL: 12691
55 #UTIL: 15750
73 #UTIL: 11184
80 #UTIL: 17060
149 #UTIL: 11952
153 #UTIL: 14144
154 #UTIL: 9016
189 #UTIL: 16215
234 #UTIL: 12690
339 772 1281 988 #UTIL: 8358
365 #UTIL: 17424
373 #UTIL: 12138
376 #UTIL: 9988
389 #UTIL: 8771
414 #UTIL: 12188
442 #UTIL: 9184
474 #UTIL: 16192
506 #UTIL: 16192
508 #UTIL: 17055
529 #UTIL: 10074
530 #UTIL: 16168
547 #UTIL: 9702
577 #UTIL: 11004
600 #UTIL: 9471
609 #UTIL: 13986
702 #UTIL: 18048
703 #UTIL: 13959
718 #UTIL: 9741
742 #UTIL: 12350
774 #UTIL: 12005
812 #UTIL: 14696
816 #UTIL: 10992
823 #UTIL: 15435
825 #UTIL: 12452
832 #UTIL: 15552
856 #UTIL: 10755
860 #UTIL: 10296
863 #UTIL: 14006
877 #UTIL: 8374
881 #UTIL: 8507
896 #UTIL: 14199
907 #UTIL: 17100
919 #UTIL: 7392
941 #UTIL: 18565
943 #UTIL: 10621
951 #UTIL: 9457
969 #UTIL: 7920
1002 #UTIL: 11308
1029 #UTIL: 8736
1061 #UTIL: 8466
1082 #UTIL: 8404
1089 #UTIL: 10621
1093 #UTIL: 15174
1094 #UTIL: 18473
1118 #UTIL: 13178
1121 #UTIL: 17802
1150 #UTIL: 15631
1165 #UTIL: 12690
1204 #UTIL: 10152
1237 #UTIL: 13750
1250 #UTIL: 10368
1252 #UTIL: 11391
1343 #UTIL: 11767
1357 #UTIL: 11653
1361 #UTIL: 7240
1372 #UTIL: 11205
1375 #UTIL: 8733
1453 #UTIL: 14928
1463 #UTIL: 8514
1465 #UTIL: 11430
1470 #UTIL: 11327
1516 #UTIL: 15792
1543 #UTIL: 10912
11 #UTIL: 16497
83 #UTIL: 20563
111 #UTIL: 17052
200 #UTIL: 12190
219 #UTIL: 11844
235 #UTIL: 17395
249 #UTIL: 8421
270 #UTIL: 11424
274 #UTIL: 16456
276 #UTIL: 18528
300 #UTIL: 14700
408 #UTIL: 11000
422 #UTIL: 17616
446 #UTIL: 20625
468 #UTIL: 8352
520 #UTIL: 14840
522 #UTIL: 8140
575 #UTIL: 13769
580 #UTIL: 12532
584 #UTIL: 12173
606 #UTIL: 12720
610 #UTIL: 11577
614 #UTIL: 18522
640 #UTIL: 13209
749 #UTIL: 11748
772 #UTIL: 9894
772 1281 988 #UTIL: 7378
824 #UTIL: 10550
844 #UTIL: 15888
882 #UTIL: 12201
889 #UTIL: 8211
890 #UTIL: 12789
922 #UTIL: 12950
932 #UTIL: 8262
937 #UTIL: 19133
962 #UTIL: 8602
963 #UTIL: 12000
992 #UTIL: 9486
1081 #UTIL: 15423
1177 #UTIL: 7700
1180 #UTIL: 19890
1210 #UTIL: 9681
1217 #UTIL: 7239
1257 #UTIL: 9505
1264 #UTIL: 11985
1278 #UTIL: 14382
1281 #UTIL: 14404
1282 #UTIL: 18232
1338 #UTIL: 10656
1384 #UTIL: 12593
1386 #UTIL: 7544
1394 #UTIL: 10870
1398 #UTIL: 17002
1432 #UTIL: 9180
1451 #UTIL: 7614
1456 #UTIL: 8784
1473 #UTIL: 13452
1526 #UTIL: 8085
20 #UTIL: 14178
49 #UTIL: 17238
67 #UTIL: 10416
170 #UTIL: 14720
175 #UTIL: 19635
231 #UTIL: 14575
236 #UTIL: 9412
247 #UTIL: 9256
283 #UTIL: 15288
307 #UTIL: 7400
321 #UTIL: 12291
377 #UTIL: 10290
386 #UTIL: 10927
387 #UTIL: 13014
434 #UTIL: 7384
489 #UTIL: 13014
502 #UTIL: 16801
599 #UTIL: 12519
634 #UTIL: 11881
650 #UTIL: 8370
751 #UTIL: 11607
753 #UTIL: 8882
756 #UTIL: 13393
878 #UTIL: 9724
891 #UTIL: 12844
924 #UTIL: 14850
946 #UTIL: 13965
1001 #UTIL: 12852
1007 #UTIL: 13166
1045 #UTIL: 21090
1048 #UTIL: 11713
1146 #UTIL: 13878
1160 #UTIL: 14344
1340 #UTIL: 13107
1351 #UTIL: 9352
1368 #UTIL: 19525
1380 #UTIL: 19548
1439 #UTIL: 8400
1497 #UTIL: 19406
1547 #UTIL: 12614
24 #UTIL: 10726
30 #UTIL: 8319
69 #UTIL: 16430
222 #UTIL: 22910
278 #UTIL: 18480
281 #UTIL: 14465
308 #UTIL: 11554
313 #UTIL: 16245
326 #UTIL: 13091
435 #UTIL: 14433
492 #UTIL: 9381
497 #UTIL: 10472
685 #UTIL: 9333
988 #UTIL: 24187
1104 #UTIL: 13965
1161 #UTIL: 21540
1220 #UTIL: 11700
1291 #UTIL: 12642
1296 #UTIL: 14548
1308 #UTIL: 12642
1315 #UTIL: 9612
1348 #UTIL: 14326
1362 #UTIL: 8046
1399 #UTIL: 10324
1444 #UTIL: 11088
1464 #UTIL: 14800
1508 #UTIL: 19116
1518 #UTIL: 20416
27 #UTIL: 16165
179 #UTIL: 17875
225 #UTIL: 22951
246 #UTIL: 17655
260 #UTIL: 11592
272 #UTIL: 22678
383 #UTIL: 14300
448 #UTIL: 9086
470 #UTIL: 18259
728 #UTIL: 11528
813 #UTIL: 7967
831 #UTIL: 8848
903 #UTIL: 14616
916 #UTIL: 15163
918 #UTIL: 18414
1293 #UTIL: 8352
1423 #UTIL: 16116
1426 #UTIL: 21692
1472 #UTIL: 12760
266 #UTIL: 10692
357 #UTIL: 11520
447 #UTIL: 17856
545 #UTIL: 9419
617 #UTIL: 7527
625 #UTIL: 9821
1347 #UTIL: 9912
391 #UTIL: 8777
1110 #UTIL: 17920
1389 #UTIL: 15254
1390 #UTIL: 12415
1442 #UTIL: 10332
382 #UTIL: 10044
602 #UTIL: 13696
304 #UTIL: 13607
1012 #UTIL: 19861
1292 #UTIL: 24642
1373 #UTIL: 25560
