6 16:2547:972 1575
5 6 15:2026:1221 567 238
3 7 9 12 14 16 17 18 19:29574:1080 183 156 7164 726 1800 2701 10580 5184
5 6 7 9 11 15 18:10032:444 81 793 68 3792 714 4140
1 2 6 18:8351:2299 141 621 5290
1 3 4 6 9 11 12 17 18 19:16821:726 48 83 162 156 3397 199 584 8970 2496
1 4 10 12 14 16 17 18:20670:484 1577 646 4577 418 180 3358 9430
5 6 7 8 9 11 13 15 17 18:15227:1998 702 2989 42 136 79 4165 918 1898 2300
7 9 18:11060:1098 72 9890
3 4 8 10 15 16 17 19:9943:240 2158 126 570 1530 990 2409 1920
2 7 8 9 10 11 14 19 20:13248:1363 2074 234 200 1178 3239 616 1344 3000
3 7 12 19:15460:576 2257 4179 8448
1 4 5 6 7 8 12 13 20:16857:5082 996 2997 1188 1342 276 3781 595 600
4 7 17 18 19:16454:2324 2196 730 5060 6144
2 6 8 12 14 15 17 20:12561:1551 324 186 5771 44 1666 2044 975
3 5 6 8 9 10 11 12 19:21792:480 2109 189 150 40 1444 3318 6766 7296
2 5 6 7 15 20:10217:1128 3219 162 1525 1258 2925
4 7 8:1642:498 976 168
15 17 18:5232:1122 3650 460
2 8 14 16 17 20:6305:282 102 286 1530 730 3375
2 5 6 7 8 12 13 17 19:20787:1833 1998 1215 2318 240 6567 1105 1095 4416
1 2 3 13 20:11175:3146 1457 672 4250 1650
7 11 12 13 14:15695:854 1896 9751 2380 814
3 9 13 16:5079:600 84 4080 315
1 4 6 7 8 16 18:18495:605 3735 1215 2806 84 1080 8970
3 7 8 12:11635:1056 2379 240 7960
1 5 16:1873:121 222 1530
8 9 10 16 17 20:3313:186 40 38 405 2044 600
7 8 10 13 16 17 19 20:13930:61 24 1482 510 1755 1971 5952 2175
5 8 11 15:2323:888 258 395 782
1 13 16 20:5119:1694 170 630 2625
8 12 17:12005:84 9950 1971
2 6 14 16 19:5720:752 1323 858 675 2112
3 4 5 7 8 10 12 14 15 20:12556:552 249 222 1159 90 798 3980 770 986 3750
1 7 8 13 20:9038:5445 2013 300 680 600
1 6 9 10 12:9223:5082 324 16 418 3383
13:2380:2380
2 4 5 7 10 11 13 17 18:19376:752 2324 3330 854 494 1264 2210 2628 5520
4 5 7 8 9 12 13 16 20:11979:2822 1665 2745 216 76 2985 255 540 675
2 5 8 12 14 16 17 20:18772:611 2775 114 9751 990 1620 511 2400
3 4 6 11 14:3628:240 1826 243 395 924
2 4 5 6 13 14 16 18 19 20:21402:893 3237 2997 837 680 748 1530 460 6720 3300
3 5 6 8 9 16 17 18 19:16381:552 2886 972 186 136 1620 3431 3910 2688
2 7 11 15 16:7066:1833 732 1975 816 1710
13:3655:3655
1 4 8 9 10 13 14 16 17:9913:2783 3403 186 140 456 1360 484 225 876
7 15:4118:2928 1190
3 10 12 18 19:21425:624 1596 1791 11270 6144
7 8 9 13 15 16 17 18 19:22445:1281 174 4 3825 1360 585 1022 8050 6144
3 5 6 10 14 15 19 20:18686:456 4995 837 684 66 1598 9600 450
7:244:244
1 5 10 15 16 19:15769:3872 666 1102 952 1305 7872
1 2 5 7 11 13 20:9469:2420 47 111 793 3318 1955 825
3 4 5 7 9 10 16 20:8214:912 913 1110 2501 8 190 2205 375
2 3 7 9 11 13 15 16 20:11245:940 792 2989 168 1501 1870 1530 1080 375
1 3 4 6 12 13 14 16:21701:5082 1104 2324 675 7562 2465 374 2115
7 9 17 20:4020:2196 196 803 825
1 2 5 11 12 13 19:23926:4235 940 3108 553 7164 2550 5376
2 6 13 14 15:5656:1081 972 1785 594 1224
3 12:7318:552 6766
1 3 5 16:9513:5445 504 2664 900
2 3 5 6 8 11 13:7775:846 984 444 189 216 2291 2805
2 4 8 10 11 13 14 17 18 19:23381:1504 3403 192 1406 2133 3400 418 3285 920 6720
5 9 10 16 20:4424:1221 40 418 45 2700
2 3 7 8 9 13 14:3768:1081 120 793 72 160 1190 352
1 3 12 13 18:13333:3388 912 398 1275 7360
1 6 12 13 15 16 17 18 20:22116:242 162 5970 3910 1530 360 292 9200 450
17 18 20:11900:1095 7130 3675
1 13 18 20:20059:3509 3570 10580 2400
12 20:10383:8358 2025
15:578:578
2 15 16 18 19:18706:235 1700 2115 7360 7296
3 10 11:2828:1032 532 1264
1 2 6 9 12 13 14 16 18 19:22715:847 799 675 132 7164 765 374 225 9430 2304
1 3 5 6 7 11 15 20:11806:4114 360 1110 54 427 2370 1496 1875
2 3 5 6 7 10 11 12 18 19:23489:940 600 5106 1080 976 190 237 1592 11040 1728
11 13 14 17 20:12525:2923 3655 682 2190 3075
1 8 9 12:5714:3509 282 132 1791
5 7 10 11 14:8442:2664 1464 1064 2370 880
10 12 20:9100:874 4776 3450
1 3 6 7 9 11 12 14 17:20148:2299 624 540 3050 84 3160 7960 22 2409
1 2 3 7 12 16 17:17591:4477 141 384 1403 8159 180 2847
1 2 3 4 11 14 18 20:15320:3146 658 288 1245 1896 902 6210 975
8:210:210
3 6 8 11 16 18 19 20:20474:576 81 252 3871 540 11500 2304 1350
3 4 7 9 10 12 13 16 17 20:19231:600 1328 1098 164 1330 6368 2975 1530 2263 1575
7 11 14 16:4026:1220 711 880 1215
2 9 10 19:11849:1927 100 798 9024
3 6 9 12 17 19:11476:576 675 116 2189 3504 4416
1 8 14 16 19 20:10875:2178 186 132 45 5184 3150
3 6 7 9 10 12 15:11328:456 1296 732 60 950 7562 272
3 4 6 12 13 15 18 20:18699:384 3984 1296 5373 1105 1632 2300 2625
13 16:4200:2040 2160
1 2 7 9 10 12 13 15 20:21477:1694 1316 1830 96 912 8955 3315 884 2475
5 8 10 12 13 14 17 20:17907:4995 18 1482 7164 510 1056 657 2025
3 4 5 6 8 9 10 16 18 19:17380:1008 3652 222 972 294 140 684 90 6670 3648
1 3 4 7 9 11 12 14 18 19:24783:5203 888 3901 488 144 1027 796 176 7360 4800
3 5 12 14 16 20:10947:144 2553 4179 396 2025 1650
3:240:240
2 9 13 15 16:3058:752 4 170 782 1350
5 9 11 12 16 18 19:11568:2553 116 3002 597 1350 2990 960
1 2 4 5 15 17 20:16195:968 799 4150 3330 1020 2628 3300
1 2 5 6 10 13 20:14984:4961 1598 3108 378 1824 340 2775
7 8 9 11 12 13 17 19:20010:1708 18 196 3160 398 3400 3066 8064
4 9 10 12 14 20:10642:1826 4 798 4776 88 3150
2 4 10 19 20:9931:1645 1079 1786 2496 2925
1 2 7 8 13 16 17:11895:4719 235 1647 258 2210 855 1971
1 5 9 11 13 14 15 18 20:18665:5929 4329 96 1659 1955 528 1054 1840 1275
6 11 14:2933:675 1422 836
1 2 3 5 6 18:13620:3872 1833 672 4107 1296 1840
4 6 9 12 14:5726:2822 1215 80 597 1012
4 6:2710:2656 54
2 4 6 7 8 9 10 11:11600:1222 3320 1215 2806 120 36 1064 1817
1 3 10:5185:3751 864 570
4 5 7 8 16 17 19:15024:4150 1665 2379 252 1305 1241 4032
18:8510:8510
1 3 4 6 10 12 14 15 16 17:14655:242 192 1577 27 1862 7761 968 1020 495 511
1 4 13 15 20:13492:3146 3652 2040 1054 3600
1 3 7 18 19:17566:1089 552 2501 9200 4224
2 3 6 9 12 17:12905:940 288 459 172 7761 3285
6 8 10 11 18 19:19243:756 96 266 3239 7590 7296
5:2997:2997
1 14 15 18:13276:3388 418 1190 8280
1 8 20:3246:1452 294 1500
4 5 9 11 12 16 17 18:20126:2324 3441 164 553 1194 585 365 11500
1 5 12 13 20:8736:3267 555 1194 2295 1425
11:1185:1185
2 3 5 8 11 12 14 18 20:16598:658 1152 1443 108 316 9552 924 2070 375
3 6 11 20:4262:480 162 395 3225
1 5 6 9 14 17:9507:5808 1776 27 172 264 1460
3 5 7 8 9 11 14 15 18 20:18776:1128 888 2684 204 84 1580 572 986 6900 3750
2 4 9 10 14 15 17 19:12527:1222 581 144 1520 902 476 3650 4032
2 6 15 19 20:8148:1927 459 1190 3072 1500
14 16:1173:858 315
2 14 16 17 18:14984:611 572 1575 2336 9890
1 7 15 17 20:10520:3751 366 1020 3358 2025
2 3 8 10:3803:2209 840 108 646
5 9 10 12 20:6904:1665 96 684 3184 1275
3 11 12 15 17:12700:336 1106 7562 1360 2336
4 5 8 11 12 14 18:22026:1743 4773 120 3950 5970 1100 4370
2 18 20:5421:1551 2070 1800
8 9 10 15 17:5719:60 124 1596 1530 2409
1 2 8 9 11 18 19:14265:3872 1786 42 68 1817 920 5760
1 3 4 5 8 9 10 12 13 19:26944:5324 1056 664 4329 36 96 1900 2985 1530 9024
1 3 4 9 15:10022:6050 600 1660 148 1564
2 5 9:7473:2303 5106 64
3 4 5 13:6618:288 332 3108 2890
3 5 7 8 14 15 19:11517:192 2109 122 162 198 1054 7680
1 6 14 15 20:5045:2299 351 1100 170 1125
1 6 8 9 17:5741:3509 810 216 184 1022
1 2 8 9 10 15 19:15800:5929 329 42 112 950 374 8064
14 15 20:4969:990 1054 2925
1 4 5 10 13 15 16:19470:5082 3154 4884 988 3145 1632 585
1 6 8 10 16 17:6976:605 513 180 722 1890 3066
3 10 11 14 15 16 18:13632:312 1520 1422 902 1666 450 7360
4 6:1160:1079 81
3 4 9 11 16 17 19 20:19710:936 1743 184 2528 1665 2409 6720 3525
3 4 11 13 16 20:8754:216 2490 2923 1445 405 1275
1 4 5 7 10 11 15 16 19:25584:4961 2407 1554 549 1900 3792 680 1485 8256
15:612:612
10 12 13 16 18 19:27286:1482 7960 2890 720 7130 7104
2 11:2540:2303 237
1 3 5 10 15 16 18:18377:363 456 3885 912 646 1305 10810
1 2 3 4 8 10:6413:363 611 1152 2407 246 1634
2 4 6 7 10 15 20:10165:893 4067 1080 976 988 136 2025
5 14 17 19:8906:3663 792 803 3648
1 2 3 4 9 10 15 16 17 18:17028:1452 1034 1032 4067 80 684 34 2070 365 6210
1 5 6 7 8 10 14 15 18 19:25144:5566 1998 1296 2684 126 1900 572 1292 2990 6720
2 3 8 11 13 16 19:11854:705 888 90 2765 3740 1170 2496
3 6 8 10 15 17:5556:264 54 90 1368 714 3066
8 10 11 13 16:7079:132 38 2054 3145 1710
1 2 4 7 12 14 15 18 19:33863:3630 1974 1826 2257 7960 242 1666 8740 5568
3 6 11 12 16:7378:288 1161 3160 1194 1575
1 10 12 14 15 18 20:16658:4840 1824 4577 1034 578 2530 1275
8 10 12 14:5155:162 950 3383 660
2 4 8 9 13 14 15 16:8571:2209 2407 24 40 2805 308 238 540
13:3230:3230
9 11 12 16:5927:84 790 4378 675
5 11 16:2667:444 2133 90
1 10 18:7520:4114 646 2760
1 3 5 7 12 15 17 20:12141:1452 840 222 305 6169 1598 730 825
1 4 6 10 12 14 18:20591:1694 1909 1242 1254 6766 1056 6670
1 9 17:5025:1694 192 3139
5 7 9 11 12 14 15 18:21699:1887 2196 52 2607 7363 748 1326 5520
5 6 10 13 14 15 16 17 19 20:12963:999 945 950 255 880 1598 1935 3358 768 1275
1 6 7 11 13 15 16 17 20:21230:5687 675 2562 3397 2380 816 2115 73 3525
9:120:120
3 6 8 10 14 17:4974:1176 594 150 1064 968 1022
1 6 11 12 16:10126:242 540 1422 7562 360
1 4 5 11 15 16 19:8045:605 249 111 474 714 900 4992
3 5 6 8 10 19:14619:768 2886 675 48 1026 9216
16 17:1715:1350 365
16 17:719:135 584
6 8 9 11 12 15:13661:1134 228 192 3476 6965 1666
1 5 6 9 13 14 16 20:16229:5808 5106 1053 24 2720 858 135 525
19:9600:9600
4 6 7 8 9 12 14 16 17 18:19049:1494 621 122 18 52 4776 22 2025 949 8970
3 6 11:2414:552 756 1106
1 3 5 7 9 10 13 17 19:12454:2057 456 2442 549 4 570 1955 2117 2304
6 7 9 12:11439:567 2318 196 8358
2 4 16:6021:2303 3403 315
3 7 12 18 19:24136:672 1464 9154 10350 2496
3 10 12 13 16 19:17804:480 798 5572 3145 1665 6144
10 12 17 18:7221:1672 1990 2409 1150
3 4 6 8 10 14 15 18 20:20098:240 3486 513 30 1140 814 510 11040 2325
1 6 9 10 12 14 16 19:18473:2662 1080 60 1330 9751 1034 1980 576
3 5 6 9 10 14 15 17 20:6497:624 444 783 84 1482 286 578 1241 975
2:799:799
1 2 8 11 12 13 15 18 20:21328:2299 517 192 3555 2786 3315 884 5980 1800
4 12:7416:3237 4179
5 6 7 9 12 13 16 17 18 20:28377:2775 702 793 56 8756 2125 405 2190 10350 225
5 9 11 12 16:14078:4329 100 2291 6368 990
3 5 12 16:11152:408 1221 7363 2160
3 8 10 18:2174:576 66 152 1380
1 7 10 12 13 19:15796:363 1342 190 6567 1190 6144
2 3 6 8 10 14 18 19:10843:376 672 459 36 684 176 4600 3840
2 3 6 7 10 11 12 14 16 20:12897:1457 816 999 366 1558 2370 2786 220 225 2100
1 2 7 13 16:12998:6050 329 2684 2720 1215
1 3 7 9 12 15:3945:242 888 1464 16 995 340
5 17 18:10645:4662 2993 2990
1 2 5 6 7 8 14 16 17:15451:6050 47 3108 513 2196 12 990 1440 1095
1 8 9 11 13 15 16:13955:5808 108 76 1975 3825 408 1755
3 13 14 16 19:12070:552 1530 88 1260 8640
7 8 13 14 17 18:15543:1708 126 3570 1078 1241 7820
3:792:792
5 11 12 20:8845:3441 553 4776 75
5 8 13 15 20:8094:2220 180 1700 544 3450
1 2 6 7 8 9 11 13 15 18:17482:5082 2350 783 915 162 148 395 255 952 6440
8:48:48
3 11 13 15 17:8138:1008 158 2380 1088 3504
1 7 8 14 15 17:9208:4114 305 288 484 1462 2555
3 4 5 6 9 11 18 20:14120:576 2490 1332 1296 152 1264 5060 1950
20:1650:1650
1 5 6 7 14 15 19 20:14125:605 1887 810 854 242 238 8064 1425
4 8 10 11 16 17 18 19 20:24514:996 108 1786 2449 1350 2774 9660 4416 975
2 5 6 8 10 14 16 17 19 20:11426:1081 777 1053 60 1824 1012 540 438 4416 225
1 4 6 11 13 15 17 18 19 20:30957:4598 2241 756 3634 850 544 2555 10580 4224 975
3 8 9 10 13 20:7492:984 204 112 912 1530 3750
5 7 12:11895:2997 2928 5970
4 9 10:1851:1577 160 114
1 7 9:7704:4598 3050 56
1 5 20:12132:4719 3663 3750
2 3 5 9 11 12 13 19:29686:1363 744 4107 192 1975 9353 4080 7872
1 8 20:1324:121 228 975
13:4165:4165
2 4 8 9 12 17 19:14570:1504 415 198 148 9950 1971 384
3 4 7 10 11 14:8332:192 3984 183 342 3081 550
3 4 5 8 13 15 17 18 20:19964:216 3237 888 282 1530 816 1825 10120 1050
3 5 8 10 12 14 16 19 20:22363:24 3552 240 836 8756 726 45 5184 3000
1 4:4696:1210 3486
5 14:975:777 198
6 7 8 9 14 20:5605:648 1464 276 28 264 2925
1 3 4 5 6 7 8 16 20:16517:1331 24 3486 5217 945 2013 36 315 3150
2 4:1861:1363 498
1 2 3 7 8 11 13 14 19 20:18641:1815 1974 264 366 126 1817 2040 792 7872 1575
2 3 4 5 8 9 14 17 18 20:23753:1974 1104 3569 2331 240 180 330 2190 9660 2175
6 17:1735:567 1168
3 5 6 7 8 14 19 20:19268:672 5328 729 3050 126 792 7296 1275
3 14:974:600 374
4 6 9 12 18:15652:2905 945 152 1990 9660
1 4 8 12 17 18 20:21451:4961 3984 300 2985 2701 3220 3300
4 5 13 14 16 19:10575:3569 2109 2040 1078 1395 384
8 14:984:60 924
4 6 8 10 11 13 20:7824:1743 999 246 646 395 1020 2775
1 2 6 13 15 18 19:21689:3509 1504 270 3400 272 8510 4224
1 2 6 9 13 15 16 18 20:17809:121 1551 918 56 1275 918 2025 10120 825
2 3 11 12 14:10408:1410 912 3555 4179 352
1 2 5 7 8 9 12 13 17 20:18266:847 940 555 488 132 32 7164 3995 438 3675
7 8 12 15 17 19 20:15635:1830 12 1393 850 3066 5184 3300
1 2 4 8 9 14 18 19:4842:605 94 2573 126 80 22 1150 192
14 15 20:5714:748 1666 3300
3 5 6 10 12 14 15 17 18 19:27219:960 777 891 1444 9950 704 340 1533 9660 960
1 4 8 10 14 16 20:11290:1089 3486 294 494 242 2160 3525
3 4 5 6 7 9 10 13 14 16:14552:432 2822 2664 1215 1281 200 646 2210 1012 2070
3 4 5 11 16 17:11155:624 2158 5217 2133 585 438
6 7 18:13379:162 2867 10350
8 14 15 19:4796:102 374 1632 2688
2 3 6 7 10 15 18 19 20:23974:752 72 1161 1586 950 1428 8050 9600 375
2 4 9 12 13 19:17650:1222 1494 20 8955 3655 2304
1 6 12 13 14:16097:2904 918 9552 2635 88
6 9 10 12 14 15 17 18 20:10353:756 188 1900 995 264 1292 803 1380 2775
5 7 14:1695:444 305 946
1 8:4300:4114 186
2 17 19:10171:658 2409 7104
3 7 14 15:4804:1152 2440 22 1190
2 3 5 7 11 15:10827:1175 864 1887 2928 3871 102
17:1387:1387
2 5 6 12:6809:329 999 108 5373
8:144:144
3 5 9 18:10660:96 2442 72 8050
4 5 18:17872:2075 5217 10580
6:459:459
1 8 9 13 15:7730:3872 72 12 3060 714
5 14:2502:1776 726
6 8 9 12 16 20:12875:648 78 124 7960 2115 1950
1 2 3 4 8 9 14 17 18:8856:1815 1457 456 1245 12 20 726 365 2760
2 6 10 14 16 17 18 19:23307:1269 432 1140 968 1260 1898 10580 5760
6 7 14 15 16:3480:1080 244 946 850 360
6 7:1022:351 671
3 11:3516:672 2844
9:36:36
2 12 13 15:10036:2209 3781 2720 1326
3 4 6 9 10 12 13 14 18 19:16145:984 1411 54 108 988 7761 2125 374 1380 960
3 4 5 7 10 11 12 13 15 17:20689:648 3154 1332 1891 380 3792 3980 3230 238 2044
4 6 7 8 14 20:6693:415 513 1403 102 660 3600
10 15 18:8594:1558 136 6900
5 11 12 13 14 17 18 19:12968:444 3634 4179 340 660 1679 1840 192
1 4:6874:3388 3486
2 5 6 7 10 12 13 17 19 20:16070:1457 4995 405 2013 456 2189 2890 438 1152 75
4 5 7 13 19:15301:415 5439 2440 2975 4032
6 11 18:11243:54 2449 8740
3 8 10:1884:912 288 684
2 6 20:3542:47 270 3225
3 7 11 12 13 15 16 19 20:21620:336 2135 395 6368 1785 680 1170 5376 3375
3 4 6 7 18:14422:768 1079 972 793 10810
9 10 13:3478:128 1140 2210
1 11:5805:3751 2054
2 13 18:9779:1974 2975 4830
2 3 4 6 9 11 14 15 18:12923:1692 1032 2822 783 56 1738 968 612 3220
2 3 8 9 16:3525:1128 432 276 24 1665
1 3 14 16 19 20:10470:2904 768 264 1440 1344 3750
5 8 10 15 17 19:11539:1554 264 1634 1700 1971 4416
1 8 17:5335:4961 228 146
3 5 6 8 9 12 14 17:18397:864 3774 972 66 52 9950 748 1971
4 7 10 11 14 20:11122:2905 1098 1368 3634 242 1875
6 13 18:14415:810 3485 10120
3 4 7 8 9 10 11 14 17 20:11846:552 1743 793 12 92 1444 2923 528 2409 1350
4 10 13 16:4313:913 1140 2125 135
3 4 7 8 9 10 12 16 20:10815:192 3154 2196 90 16 1102 2985 630 450
3 6 10 12 13 14 18:20586:816 189 304 9552 3655 550 5520
10 14 18:7702:1710 242 5750
1 4 11 12 15 16 18 19:21143:2178 498 3081 4975 1224 135 5980 3072
2 8 11 15 18:12627:235 162 3160 1020 8050
6 8 10 11 12 15 17:16188:1188 174 950 3160 6368 1428 2920
4 7 9 10 11 12 13 16 19:21735:3403 122 180 190 2370 5572 2890 1440 5568
6 16:1719:864 855
4 6 7 9 10 11 12 13 14 18:14344:2739 162 2257 20 1254 474 6169 425 154 690
3 7 20:2347:528 244 1575
2 6 7 10 14 15:4406:1598 189 61 608 1100 850
1 4 6 7 10 12 15:10658:2057 581 135 1037 722 5174 952
19:4224:4224
3 6 7 10 13 15 18 19 20:19690:120 756 427 456 3400 306 7130 6720 375
4 5 6 7 9 12 13 15 20:16182:1660 4440 918 366 200 4975 1955 918 750
2 5 9 12 14 17 18 20:27487:1410 5217 68 9154 462 876 8050 2250
1 3 8 14:4241:3025 120 282 814
5 10 11 16:7891:4995 1634 632 630
1 4 8 9 11 12 14 17 18 20:19873:4235 1577 258 124 2923 2786 770 1460 5290 450
6 7 9 11 14 16 20:5944:297 1342 156 1185 924 90 1950
5 6 8 9 11 13 17 18 19:19560:4551 81 240 64 948 3315 1387 6670 2304
2 4 5 6 7 10 14 17 18:22268:987 3901 4884 81 1098 912 132 1533 8740
2 4 7 9 11 12 18 19:22910:235 3569 1525 8 869 9950 2530 4224
3 9 10 20:3980:1008 120 152 2700
1 3 5 6 7 9 11 13 14 16:13233:3146 792 777 459 2745 96 79 2805 264 2070
3 6 8 9 10 15 16 18:7649:72 351 288 144 1520 1564 720 2990
3 4 12 13 14 16:14246:360 664 9950 340 682 2250
6 18 20:8582:702 7130 750
4 12 15:4580:3735 199 646
2 4 18 20:14095:2162 2158 8050 1725
1 9 16:6232:4477 180 1575
14:594:594
3 5 7 14 15 20:6869:1200 3885 183 308 918 375
1 2 8 12 16 19 20:19156:4356 517 6 8955 90 4032 1200
1 18:15553:5203 10350
5 6 8 11 13 14 17 18:19994:4218 432 120 2844 1190 990 1460 8740
8 19:8664:216 8448
1 3 6 10 11 13 15 16:11431:4840 864 1188 228 1422 1275 714 900
1 3 5 6 11 14:10615:1452 648 3441 1161 2923 990
4 5 6 7 12 18 19:24609:83 2553 1188 1098 3383 9200 7104
3 6 8 11 13 15 16:6817:768 1080 108 395 2635 1156 675
5 7 8 18 20:11120:4551 2806 48 1840 1875
12 15 17:10823:8557 952 1314
1 5 7 11 15 16 18 20:11844:2420 1776 2501 2528 374 810 460 975
4 5 10 19:10521:3901 4218 1634 768
19:6528:6528
5 8 9 11 13 14 15 16 19 20:26901:3441 48 84 3950 2805 770 578 2250 9600 3375
1 4 7 8 12 13:14773:4114 1992 854 120 4378 3315
19:1728:1728
1 2 6 8 10 11 12 15 16 18:12858:1210 1081 1296 210 1900 948 3383 1700 900 230
20:2925:2925
3 6 8 9 10 13 15 18 20:10950:144 432 234 48 1634 3995 918 920 2625
2 4 5 8 16:8157:2209 581 4662 30 675
2 10 11 12 14 16 17 20:9928:752 1064 316 3980 528 135 2628 525
4 7 9 14 16:4468:581 1464 12 836 1575
1 3 11 14 15 17 18:16724:726 168 2133 506 1224 1387 10580
2 4 5 6 13 16 19:15996:1927 249 1998 999 4250 45 6528
3 6 9 13 14 16 17 19:10416:96 81 168 3995 110 1350 584 4032
1 3 9 10 14 19 20:14030:5324 936 140 1900 198 4032 1500
3 4 8 13 16:8268:432 2490 96 3315 1935
5:2331:2331
2 3 6 7:3027:799 408 783 1037
1 4 6 14 16 18 20:8318:2541 1660 216 836 135 230 2700
3 4 5 7 11 16 17 18:20191:888 2490 777 1708 1580 270 1898 10580
3 6 7 8 9 14 15 16 19 20:10128:264 108 2928 90 8 594 544 2115 1152 2325
1 14 15 19:9961:4961 330 1598 3072
8 11:362:204 158
6 7:914:243 671
3 4 6 12 13 14 16 19 20:23922:48 1245 135 9353 2550 748 1305 7488 1050
3 4 8 10 11 12 13 19:20673:264 3154 300 1710 3397 2786 1190 7872
1 3 4 6 11:9294:2541 744 2407 837 2765
1 5 9 15 18 20:17698:2783 5439 196 510 6670 2100
10 19:5100:684 4416
2 5 7 15 16 17 19 20:16358:1974 4107 244 34 1800 657 4992 2550
2 7 8 10 13 14 17 20:6634:1128 244 84 570 765 836 2482 525
2 14 18 19:18009:1081 242 10350 6336
1 4 6 7 8 13 14 16 17 20:18924:5203 2158 621 2623 24 3655 88 45 2482 2025
1 4 17 20:2735:605 1909 146 75
1 2 4 12 13:14642:1331 329 1079 9353 2550
1 5 9 15 19:11648:4719 555 192 1190 4992
3 6 8 10 13 16 18 19:24752:672 648 6 1216 2550 900 10120 8640
2 3 4 9 10 11 14 16 17 20:16177:2350 1152 3403 160 1254 3871 242 225 2920 600
2 10 16:2126:564 1292 270
10:76:76
4 7 19:12867:3154 305 9408
5 7 9 12 17:15818:5439 671 116 9154 438
16:1440:1440
1 5 6 8 9 13 16 19:18902:1936 5439 729 258 144 850 2250 7296
1 3 5 6 11 13 15 16 20:14087:2783 960 1665 621 2212 1445 816 1260 2325
11 16:2240:395 1845
2 4 5 6 7 12 14 16 18 20:24957:1927 332 888 1350 1647 8557 946 585 8050 675
2 5 8 11 15:2187:94 1665 78 316 34
3 4 6 7 8 9 11 15 16 18:14538:672 996 351 854 90 192 1027 306 1080 8970
2 9:716:564 152
7 13 15 19:7022:2135 85 578 4224
2 6:3438:2115 1323
5 17:6131:5328 803
2 4 5 10 13 17 19:16745:423 1079 1776 1482 3740 949 7296
2 4 5 6 10 13 14 18 19:15328:1786 2573 3441 405 38 3995 176 2530 384
3 15:2158:1104 1054
1 3 6 10 11 16 19 20:17875:3993 672 351 456 790 1980 9408 225
2 12:4367:188 4179
1 2 3 8 11 18 20:25519:5808 1410 480 240 3476 10580 3525
18:4830:4830
1 4 5 8 9 10 14 16:8981:847 166 4884 72 112 1672 418 810
5 11:8597:4884 3713
17:657:657
4 5 6 7 9 10 11 12 16 18:22509:2905 4662 1026 2318 128 456 3950 1194 810 5060
3 5 7 10 11 12 17 20:21105:792 1998 2013 1900 158 9751 2993 1500
6 7:2477:891 1586
2 9 10 20:3636:1504 12 1520 600
11 16:2827:1027 1800
5 11 13 15 19:18229:4329 3397 3485 1258 5760
3 15 17:1823:456 272 1095
11 18 20:6671:1106 4140 1425
1 2 4 11 13 15 16:12318:726 1410 3984 2765 1190 578 1665
1 3 11 14 17:8601:4477 864 237 176 2847
3 11 12:7858:1104 1580 5174
1 6 7 10 11 13 14 15 16 20:14416:1936 108 854 1444 2133 1020 726 1530 2115 2550
1 15 18 19:12937:1331 1088 2070 8448
3 7 8 9 10 12 15 17 19 20:10177:360 183 210 132 912 5572 136 803 1344 525
3 5 9 15 16 19:6515:696 222 172 1666 495 3264
7 11:2563:1220 1343
2 3 5 6 9 10 11 15 17:8507:517 96 3108 108 88 1900 1343 544 803
19:9216:9216
1 2 8 11 12 19:17305:1089 1927 24 1264 9353 3648
4 5:5041:3154 1887
2 5 10 13 18 20:9728:1927 777 1634 3570 920 900
10 20:488:38 450
18 20:5115:4140 975
3 6 8 9 11 12 13 16 17:19015:744 567 72 28 2212 8955 4250 1530 657
5 6 7 14 18:12989:4218 297 2196 528 5750
17:3650:3650
3 5 19:7956:216 444 7296
3 6 18 19:5102:888 1296 230 2688
8 11 12 16:12810:102 3713 7960 1035
2 4 5 7 8 11 14 16:15087:423 3735 5439 2562 156 1501 506 765
3 4 11 12 15 16 17 18 19:24872:936 2241 3476 7562 68 2160 1095 230 7104
2 5 7 8 11 13 15 20:6404:1222 1887 549 258 711 680 272 825
5 11 13 15:11714:3108 3081 4165 1360
6 11 13 14 17 18:9031:243 3634 1700 154 1460 1840
1 7 8 9 10 12 13 16 19 20:22703:2178 2623 60 160 1672 6368 1275 585 4032 3750
9:44:44
4 9 12 19 20:20788:3984 128 8756 6720 1200
3 11 16 19 20:10045:1080 316 675 4224 3750
3 4 7 11 13 17 19 20:8151:480 1660 1464 1185 510 584 768 1500
1:3872:3872
3 20:4317:792 3525
1 5 6 7 8 9 13 16 18:17903:5203 2109 1107 2745 300 104 1360 1755 3220
2 5 17 18:7942:470 3219 803 3450
1 2 5 6 11 15 19 20:11855:3993 1739 1554 1215 948 612 1344 450
10 11 12 17 18 19 20:10827:456 1422 3781 1241 690 2112 1125
1 3 4 6 7 9 11 15 16 19:17943:4114 72 3984 702 1220 32 2133 748 2250 2688
1 9 11 18:9109:4961 152 316 3680
2 5 7 11 12 13 14 17:11927:423 333 793 1027 1990 3400 968 2993
3 16 17:1839:552 630 657
2 3 6 7 16 18 20:10031:188 48 324 2501 135 3910 2925
1 2 12 13 19:10342:1089 329 4577 1275 3072
12 19:9220:5572 3648
5 6 10 14 15 16 17 19:14966:4551 1350 1178 22 1462 1395 1168 3840
1 2 3 4 6 8 14 17 19 20:15863:4598 235 168 913 675 240 66 73 6720 2175
1 2 3 5 6 13 15 20:10266:726 517 312 3108 486 3230 612 1275
1 2 6 7 9 12 14 15:15925:4719 188 810 427 80 9353 110 238
1 2 4 5 7 8 12 18 19:33650:3388 2115 3901 111 488 270 7761 7360 8256
5 8 9 10 11 13 14 15 20:9939:1110 84 4 228 395 3400 528 1190 3000
1 4 6 8 11 14 16 17:12928:5929 747 918 102 553 902 2025 1752
9 15 18:1994:104 510 1380
2 4 7 10 11 12 13 14 20:11133:2350 2739 366 1140 711 1990 510 352 975
9 15:1690:160 1530
4 5 6 10 17 20:12341:4067 4107 1188 76 803 2100
19:7680:7680
19:4416:4416
7 8:2517:2379 138
6 7 9:2928:648 2196 84
1 2 3 7 8 11 13 15 18 19:22645:4235 658 288 1830 54 316 3060 918 2070 9216
3 11 12 15 18:15236:120 2686 7960 1020 3450
10:380:380
8:60:60
2 4 5 6 9 13 17 19:10899:1739 1660 2886 540 200 1700 1022 1152
7 9 18 19:9934:1586 172 1840 6336
4 14:2747:2241 506
2 5 9 11 12 15 19:24148:1410 1776 184 3002 9154 1326 7296
5 8:3147:2997 150
1 4 6 7 8 9 13 14:11038:2420 3486 648 2440 156 144 1700 44
7 8:851:671 180
3 4 6 9 10 12 13 15 18:27264:192 2241 513 164 532 9552 3740 1360 8970
2 12 17 20:5107:2021 398 438 2250
4 5 7 12 13 17 19 20:21047:3486 2109 1342 1592 1870 949 9024 675
12 13:7583:5373 2210
2 5 11 12 14 20:15903:2303 4773 1185 6169 198 1275
4 8 10 11 13 18:16398:4150 30 570 1343 1105 9200
3 7 12 16:5557:384 793 2985 1395
1 3 4 5 9 11 13:12276:3025 24 1245 4662 132 553 2635
1 2 4 5 7 9 13 14 19:21151:2904 1786 1411 999 2562 36 2635 946 7872
1 3 5 10 11 12 14 18:20165:4114 432 111 874 79 5373 902 8280
8 13 14:1850:132 1190 528
1 11 13 16 17 19:22069:3509 2449 2890 720 3285 9216
19 20:8535:5760 2775
3 5 10 11 12 13 15 17 19:8472:144 555 1482 1264 1592 85 408 1022 1920
6 7 11 13 15 16:9186:54 1159 3160 1360 1428 2025
2 3 7 10 14 16:6710:329 456 2806 1748 66 1305
11 12 14 18 19:13666:316 6766 330 2990 3264
3 6 13 14 20:5468:528 837 3230 198 675
7 8 10 16 18:5681:854 72 190 1575 2990
7:793:793
2 4 5 7 8 14 18 20:19529:141 4067 1998 2318 210 550 8970 1275
3 4 7 8 12 13 17 19 20:23521:888 2324 1769 282 3980 1445 2117 9216 1500
3 4:1517:936 581
2 4 6 10 11 13 15 18 20:11045:1504 332 135 1520 395 1700 1564 3220 675
2 4 5 7 8 12 13 14:9427:1081 2905 555 305 222 3582 425 352
4 6 8 11 13 17 18:14691:2656 1161 288 3318 1785 2263 3220
1 2 3 4 7 8 9 14 19:13898:1936 1974 1056 2324 1586 12 72 330 4608
1 3 4 8 11 16 20:11274:3872 552 3237 264 1264 1260 825
5 6 14 16 17 20:13438:5106 1107 154 2250 1971 2850
1 2 6 7 8 10 11 13 17 20:17683:5324 1833 621 1586 84 1634 2054 510 3212 825
12:1393:1393
3 4:539:456 83
3 15 19:3606:1152 918 1536
2 4 6 8 11 13 20:9026:1598 2905 108 180 2765 1020 450
1 2 5 8 9 12 16 18 19:21298:5808 1222 1332 30 176 597 1935 9430 768
1 2 4 6 7:5374:363 987 2075 729 1220
18:11500:11500
1 3 4 7 10 11 13 20:14857:2783 240 3652 183 798 2291 2210 2700
12 16 17:12098:9154 900 2044
3 5 7 11 14 17 20:10500:24 2553 1098 2291 638 146 3750
19:5952:5952
1 2 4 12 13:13865:5566 282 2822 2985 2210
1 3 4 5 14 15 18:6642:1936 648 83 1665 242 918 1150
4 6 8 9 11:4751:913 1215 138 36 2449
16:1845:1845
5 6 9 14:2157:1554 135 116 352
12:5970:5970
7 9 11 16:4370:1220 24 3081 45
2 3 4 5 8 9 11 16 19:20367:1598 192 3818 3663 258 112 3634 180 6912
2 3 5 6 9 11 14 17:8335:893 1008 2664 540 20 632 242 2336
4 6 10:2993:996 1161 836
3 11 14:4026:264 3476 286
9 12 13 14 15 18 20:14144:164 995 2295 594 136 6210 3750
1 4 8 10:5733:3751 1328 84 570
1 2 4 6 8 11 13 14 15 20:8947:3267 423 415 162 66 790 850 528 646 1800
3 15 17 19:8434:48 1496 1898 4992
2 10 12 14:2787:987 874 398 528
1 3 6 10 16 19:17128:5929 24 864 1710 1305 7296
2 5 6 10 11 13 14 16 17 20:15931:1504 5439 756 1710 3239 1615 462 180 876 150
17:2701:2701
4:1079:1079
1 6 8 9 10 12 13 16 18 19:27183:2057 108 102 12 1710 8557 1785 810 8970 3072
17:2482:2482
1:605:605
1 4 7 8 9 10 13 17:15711:5566 3154 2074 246 8 836 2805 1022
1 5 7 12 16 18 19:34376:3388 2442 2745 7761 1620 8740 7680
15:544:544
1 10 11 13 14 16 17 20:14766:6050 684 2686 2125 396 1215 1460 150
1 4 5 6 8 9 14 16 19 20:25496:3993 1992 5439 54 294 124 484 1935 8256 2925
5 7 11 13 14 17 18:19401:1776 549 3713 4250 242 1971 6900
4 7 8 11 13 14 15 16:11989:3735 915 84 3476 935 682 272 1890
5 8 14 16:3055:777 186 22 2070
1 2 3 4 6 7 9 14 19:12530:605 2162 312 3237 837 1281 156 484 3456
2 7 9 10 12 14 17:12195:1081 1891 40 304 4378 924 3577
1 3 5 8 12 13 18:23905:4235 1032 3885 222 796 2465 11270
2 4 6 8 9 17:7326:1974 3569 324 288 76 1095
9 14 18:8908:88 770 8050
7 8 9 10 11 12 17 19 20:21515:2867 288 64 380 1343 6368 3212 5568 1425
1 4 5 6:8590:4961 2324 333 972
8 17 19:8079:210 1533 6336
4 8 9 10 13 15 16 17 19:16992:1162 54 144 1330 935 986 1800 3285 7296
5 12 16 17 20:14918:5217 3781 1170 1825 2925
1 4 7 10 12 14 20:19662:5808 332 610 1672 8955 110 2175
3 4 5 7 11 12 13 14 18 20:29045:24 581 4440 2074 3871 8358 1530 22 5520 2625
4 7 11 16 17 18:19631:3071 2440 1422 585 1533 10580
15 18:1726:1496 230
4 11:2478:2241 237
2 13 14 18:9153:1128 1955 550 5520
4 5 13 20:8338:996 4107 2635 600
3 4 6 8 9 10 13 14 16 17:8576:600 1909 135 294 140 76 1955 836 1755 876
2 4 6 7 8 12 13 14 18:27140:1692 3154 648 2989 114 3383 4250 330 10580
2 3 4 5 8 9 11 14 17:11506:799 72 2573 4884 258 144 1659 22 1095
3 7 9 12 15 16 17 18 19 20:28190:264 1159 168 8159 68 1530 2482 3680 7680 3000
2 4 12 15:12125:564 2324 8557 680
11 13 15 17 20:7851:1343 1530 714 3139 1125
5 10 19:10355:3219 608 6528
3 6 15:2651:360 999 1292
4 12:5509:3320 2189
3 7 8 9 13 14 17 18 20:16332:120 2806 114 124 1530 616 1387 8510 1125
2 5 11:3585:1175 2331 79
1 4 5 10:8438:4598 2490 666 684
10 20:1059:684 375
16:585:585
1 3 4 6 7 9 13 16 17 19:20356:3630 984 1909 1242 183 52 2720 315 2409 6912
1 7 15 19 20:15811:5808 2745 1666 4992 600
4 8:1282:1162 120
2 3 6 8 10 12 15:6709:141 24 324 156 1482 4378 204
3 5 8 11 14 16 18:11120:1080 4107 30 237 286 2160 3220
1 6 10 14:7560:5203 81 1330 946
1 3 4 7 9 18:9695:6050 48 2075 244 128 1150
19:6720:6720
10 19:8976:912 8064
6 9 11 14 16 18 19 20:20250:108 124 3002 176 1215 10810 3840 975
3 11 12 18:19613:240 3792 7761 7820
5 7 10 12:7053:2553 1220 494 2786
1 2 9 10 19 20:10604:5445 517 168 532 192 3750
1 3 6 8 9 10 14 19 20:14052:2904 696 540 294 164 1596 88 6720 1050
4 7 10 14 16:8594:2656 2501 836 396 2205
2 4 6 7 10 18 19:15435:1410 1743 243 1037 950 5060 4992
7 13 16:4595:305 2040 2250
4 5 11 13 14 16 18:17379:4067 5106 474 3740 22 1440 2530
3 6 9 11 12 15 20:14963:720 729 32 395 9154 408 3525
1 2 5 7 8 10 12 13 17 20:19666:2662 376 2109 1647 264 1710 1990 3485 1898 3525
1 2 6 10 12 13 14 16 19 20:20300:3146 1551 513 798 5174 2040 1078 1710 3840 450
1 4 8 11 12 18 20:23724:4840 1909 252 711 4577 8510 2925
2 3 5 6 8 17 20:9327:329 1128 1665 1134 288 3358 1425
14:352:352
5 8 9 14:1442:1332 24 20 66
4 18:3666:1826 1840
1 2 7 12 13 16:12298:363 470 1037 8358 765 1305
7 8 9 12 14:5974:1708 66 88 3980 132
2 6:2502:1692 810
6 8 11:2751:1107 222 1422
6 7 17 20:7242:54 976 3212 3000
5 6 8 12 13 19:8768:2886 1242 234 3383 255 768
1 3 8 11 15:6909:4598 216 6 1817 272
1 7 9 15 16:9581:5203 2196 200 272 1710
2 4 5 8 9 12 15 18:17362:611 830 4773 240 184 6766 1428 2530
2 4 5 14 17:9988:1175 3818 1554 594 2847
5 9 12:7987:5439 160 2388
1 2 3 4 6 10 13 14 15 18:10509:363 423 384 1245 1188 456 680 440 1190 4140
5 9 10 19 20:8273:3219 56 342 3456 1200
6 7 9 11 15 16:8282:729 3050 116 1580 782 2025
1 2 5 7 9 12 20:19614:5808 799 4995 2257 200 3980 1575
3 5 9 18:11283:600 5217 176 5290
2:423:423
5 6 7 9 11 12 15:12159:888 135 1891 192 2844 4577 1632
6 11 14 18:9584:1269 1027 1078 6210
7 12 16 19:23297:2440 9751 1890 9216
1 4 5 14:9034:726 3320 4218 770
1 5 8 9 11 12 13 15:22732:5808 4107 138 164 1027 8955 1615 918
4 6 16 19:8574:3735 1296 855 2688
6 8 11 16:6043:513 300 3160 2070
1 2 3 4 5 6 10 14 20:13636:242 470 960 1909 3663 1026 1824 242 3300
2 4 6 8 14 15 17 18:11898:235 1328 297 144 924 1530 1460 5980
1 4 8 9 10 11 14 16 17 20:11965:2904 2573 180 148 494 79 132 2025 730 2700
1 4 14 15 16 17 18:18449:3751 3237 836 986 1305 3504 4830
19:9600:9600
2 5 7 8 12 13 15 16 20:10053:423 1332 1464 216 995 2380 918 1125 1200
4 8 11 12 18:8978:3486 198 1185 199 3910
4 5 7 11 14 15 17 18 19:21691:2656 2997 1952 3871 154 1564 365 5060 3072
13:1870:1870
5 7 13 18:7771:888 793 4250 1840
1 2 7 8 10 15 16:7829:2057 2209 1464 204 418 442 1035
9 19:6608:80 6528
2 3 4 6 7 14 17 19:21184:2256 576 2739 567 2928 550 3504 8064
18:1610:1610
1 7 9 11 15 16 17 19:11071:242 732 144 2765 1530 1440 3066 1152
3 7 9 10 13 15 17 18 19 20:19352:384 2440 40 1292 1700 1054 803 6440 4224 975
2 3 6 10 11 18:8459:1739 768 1323 456 3713 460
5 6 14 16 17 19:15083:5439 405 264 1485 3650 3840
16 18:3265:2115 1150
16:900:900
6 10 12:7978:54 760 7164
3 7 13 14:3158:408 1098 1190 462
2 3 13:1818:1504 144 170
1 3 5 6 7 9 10 13 20:13905:4598 864 666 864 305 180 1748 2805 1875
1 4 8 13 16 17 20:12912:4961 3071 192 85 540 2263 1800
1 6 20:4639:121 918 3600
15 16:2105:170 1935
2 9 14:2144:1034 120 990
4 12 15 16 18:15952:581 9353 408 2160 3450
14 19:7496:968 6528
1 3 7 8 11 12 15:10897:1210 24 1708 138 948 5373 1496
3 4 7 8 10 13 16 17 18:18762:288 3403 793 240 1482 2040 630 1606 8280
1 3 6 8 9 13 19:7423:1573 1032 216 198 44 3400 960
3 7 8 11 15 16 20:10164:408 3050 240 1580 986 1350 2550
4 8 18:6992:3320 222 3450
1 5 9 15 18:14172:3146 3774 200 612 6440
2 5 6 9 14 15 18:13862:1410 4995 621 80 198 578 5980
3 4 7 10 11 12 14 15 16 17:15012:984 3154 1281 722 395 5771 726 238 135 1606
2 7 15:4362:1222 2562 578
1 2 3 4 6 7 13 14 15:7385:121 1222 1128 332 540 2013 935 550 544
1 4 7 9 11 13 15 17 20:21857:6050 3403 1891 76 3634 935 1292 2701 1875
1 2 3 12:6137:605 1175 576 3781
7 12 17:9194:244 5373 3577
9:68:68
3 7 12 16 19:13210:936 610 7164 1620 2880
3 5 8 10 13 14 20:10735:1080 3885 42 1786 1870 572 1500
1 6 7 8 11 12 16 17 20:14103:121 1134 549 42 2528 6169 2070 365 1125
3 4 6 7 8 12 13 14 17 20:14613:168 83 270 1220 180 4975 2295 220 1752 3450
2 3 4 7 10 13 14 17:14163:1175 264 3818 2318 988 1530 858 3212
4:3735:3735
3 4 5 9 11 15 16 17:13215:1176 1577 4662 60 3397 714 315 1314
1 4 5 10 13 15 18:17180:726 4150 2220 190 680 1394 7820
2 15 20:3558:2021 1462 75
1 3 7 18 20:11390:484 576 3050 7130 150
4 5:8870:3320 5550
3 4 6 9 12 15 16 17 19:25464:984 3652 1215 60 6965 1156 45 2555 8832
4 9 15 18:12080:3984 176 1020 6900
1 3 8 15 16 18 20:12630:1210 1104 162 544 1710 4600 3300
1 3 4 5 7 9 10 14 16 17:17137:5808 144 3818 2331 183 132 1634 396 720 1971
1 2 6 8 18 19:23615:5808 1175 702 282 11040 4608
2 3 8 12 13 14 17 19:17071:2021 1128 270 597 85 880 3066 9024
3 8 11 12 13:10929:1176 186 3713 5174 680
7 10 14 16:1506:732 38 286 450
3 20:2757:1032 1725
6 7 10 12 15 16 18 19 20:27014:1215 2928 38 5174 884 675 10580 1920 3600
2 6 7 13 14 15:7021:2162 270 2684 595 902 408
1 4 8 11 12:13547:1573 1162 96 3950 6766
7:2318:2318
1 2 6 8 13 19 20:18637:4719 752 1188 240 2975 7488 1275
3:1104:1104
4 6 9 14 19 20:12459:3984 162 88 968 4032 3225
7 8:2559:2379 180
1 6 7 10:5794:2057 837 1342 1558
3 4 10:5401:744 3403 1254
2 4 5 10 11 12 17 18:10176:188 3486 666 1026 3160 398 1022 230
2 9 14 16 20:7841:2021 120 990 1710 3000
1 2 3 4 7 9 11 14 17:10540:1089 2350 648 2407 793 164 553 638 1898
3 14 15:1482:264 946 272
2 8 12 14 15:3756:940 264 398 1100 1054
4 14:2002:1826 176
4 7 17:6103:3652 2013 438
2 5 6 9 13 15 16 17 19 20:16567:1175 5439 351 100 2380 1122 180 1533 2112 2175
2 3 4 5 7 8 13 14 15 17:16092:2021 552 4150 3885 366 78 1360 1078 850 1752
7:2562:2562
5 10 13 17:10221:4107 570 2040 3504
1 6 8 10 12 15 16 19:13611:968 243 216 418 9751 68 1755 192
4 10 14 19:11090:166 1520 572 8832
2 6 7 11 14:3770:1504 1026 488 158 594
5 8 9 10 11 13 14 15 17 20:17668:5550 12 60 684 3476 3400 418 510 1533 2025
8 10 18:4946:12 1254 3680
3 8 12 15 18 20:15153:648 168 5572 1020 4370 3375
2 3 5 6 7 9 15 17:10402:235 72 4884 1161 2318 192 1394 146
1 4 6 10 18:14561:2783 2490 1242 456 7590
7 8 9 12 13 14 15 18 19 20:20792:1952 192 140 1791 4080 528 408 3910 4416 3375
5 6 8 10 14 15 17 19:13046:666 432 294 912 792 1700 3066 5184
2 5 7 8 11 15 16 17 18:20129:1504 3330 1037 180 3476 374 2025 1533 6670
2 3 5 7 12 14 15:10102:2162 192 2220 2562 1194 990 782
6 7 12 17 19:13410:729 1647 3184 1898 5952
1 2:3743:2662 1081
1 3 8 13 16 18 20:15958:4356 48 84 255 45 10120 1050
3 4 6 8 10:4793:624 1826 1053 36 1254
3 4 7 10 12 13 15 16 18:13966:432 83 1769 304 5970 2040 1258 270 1840
11:2133:2133
3 4 6 7 17 18:16421:1032 996 189 1098 1606 11500
3 5 8 9 10 13 20:8249:864 2997 102 96 190 2125 1875
1 3 9 11 13 20:12038:2541 240 64 3713 3230 2250
6 7 8 9 11 12 14 18:16761:1242 1220 270 76 158 4975 770 8050
3 4 9 13 14 17 19:11713:48 498 104 1700 242 1825 7296
4 8 9 10 12 15 18:16886:166 102 148 950 9950 510 5060
5 7 8 10 11 12 15 19 20:17770:2997 2257 228 950 1817 1990 1360 2496 3675
2 4 5 6 7 9 10 12 17:12023:611 2656 444 1161 1647 128 1786 597 2993
5 10 12 14 20:16568:5328 1520 5174 946 3600
2 3 4 5 8 13 15 16 18:15493:1645 456 3486 4551 102 2720 748 405 1380
4 10 11 19 20:13627:3984 1140 2686 4992 825
19:8064:8064
1 4 18:14549:2904 2905 8740
16 18:1285:135 1150
1 4 6 11 12 14 18 19:28698:5082 83 864 2212 5771 836 7130 6720
2 4 5 6 19:14547:564 2490 5439 486 5568
2 11 12 14 15 16 17 19:17420:2162 553 4577 616 1326 1710 3212 3264
1 2 6 7 8 12 13 19 20:24632:4114 423 1188 2379 276 4179 1870 6528 3675
8:144:144
1 6 17 19:12544:4598 756 2774 4416
12 17 18 19 20:12046:398 1606 5290 1152 3600
1 3 14 16 18 20:6793:3146 240 352 90 1840 1125
20:2925:2925
11 13:2552:2212 340
1 2 8 9 12 15 17 20:16607:3388 799 36 92 5373 918 2701 3300
1 2 5 8 9 12 14 15 16:9227:2662 188 1554 120 84 1990 484 1020 1125
3:240:240
1 2 3 7 8 10 11 17 18:12559:1331 658 1080 366 186 1064 2212 1752 3910
3 7 9 10 14 16 18 19:9721:888 1647 32 1672 1056 630 3220 576
1 9 10 19 20:7018:2057 124 76 1536 3225
2 9 19:3797:141 8 3648
2 3 12 14 16 17 19 20:12132:1504 48 995 132 900 2190 2688 3675
2 4 5 10 12 14 16:17565:2256 1826 2109 1330 9552 132 360
2 4 5 7 9 11 14 17:15966:1645 3652 3441 2257 120 2212 814 1825
3 15 17:4268:648 408 3212
8 11 18:8730:294 2686 5750
11 17 19:4736:948 3212 576
3 6 8 10 14 15 20:8707:1128 1296 138 114 990 1666 3375
3 4 8 14 15 16 18 19 20:13913:672 166 282 836 986 1440 1380 5376 2775
2 5 6 7 17 20:9254:1457 2553 324 2684 511 1725
1 4 5 7 13 14 18 20:26202:3388 1577 3996 1220 2805 396 10120 2700
13 14 16 18 20:8721:3740 66 450 1840 2625
3 4 10 11 13 14 16:11024:1200 2573 798 395 3400 858 1800
1:2662:2662
4 14 16 18:4369:1494 110 1845 920
2 3 6 9 14:3197:517 792 1080 148 660
1 8 9 13 14 17:8591:3751 138 116 2465 880 1241
12 15 16 17:9233:5970 1122 900 1241
2 9 10 11 17:7032:1504 200 1140 3239 949
19:4224:4224
4 7:3148:830 2318
1 2 4 13 15 18 19 20:29366:4961 235 3320 2125 340 8740 6720 2925
17:949:949
5 6 12 13 18:22825:3774 1350 8756 3655 5290
1 3 7 8 10 12 14 15 16 20:7458:968 912 122 48 190 2388 22 408 675 1725
5 6 9 10 14 16 19:12492:777 594 152 1064 110 2115 7680
6 7 8 10 14 16 20:6513:1026 976 258 38 330 585 3300
1 5 6 9 10 11 12 17 18 20:25622:3146 5106 297 24 1862 1027 2587 1533 6440 3600
1 3 4 6 9 10 14 15 16 20:13518:2420 432 3320 108 124 1596 66 442 1710 3300
6 8 12 13 15 16 18 19:23657:324 270 3582 2550 34 1395 6670 8832
1 4 8 9 10 13 14 17 18 20:8489:605 1079 270 72 304 1445 110 584 2070 1950
3 10 12:7438:24 1444 5970
2:1927:1927
2:2021:2021
20:1275:1275
1 17:7468:4840 2628
1 2 3 6 9 11 17:7289:1694 188 672 81 76 2607 1971
1 2 5 8 11 14 15 16 18 20:25401:6050 893 3885 156 2923 990 204 1035 8740 525
16 17:4916:1485 3431
12 13 17 19:12998:4577 595 146 7680
4 5 6 15 20:8173:2988 888 1107 340 2850
2 3 4 5 8 12 16 20:9546:1739 120 1328 1110 198 2786 1890 375
2 4 6 8 9 10 12 13 16 20:8380:705 249 297 204 72 494 2189 1020 2025 1125
7 12 13 15 16 17 20:9898:1464 796 765 1360 990 1898 2625
7 12 16:7428:1830 5373 225
3 6 8 15:3081:696 1269 198 918
1 2 5 9 10 11 16 19 20:13013:1089 94 2664 48 570 3871 450 1152 3075
3 4 7:3108:384 1992 732
1 3 4 10 18 19:13378:5566 960 996 1064 4600 192
2 7 8 9 10 14 15 17 20:12274:1269 1525 84 192 570 220 1598 3066 3750
13:2380:2380
1 9:3287:3267 20
6 14:1766:864 902
2 3 4 9 10 14 16 18:9596:799 696 747 108 874 22 1980 4370
1 4 8 14 15 19 20:13353:5324 2656 12 22 884 2880 1575
3 8 11 17:4197:504 156 3318 219
7 18 20:6506:2196 1610 2700
3 8 9 14 16 20:4483:96 24 100 528 135 3600
5:4773:4773
9 15 17:3104:48 136 2920
2 3 5 13 17 19 20:20586:2162 1008 888 2635 3285 9408 1200
3 4 12 13 18:19797:528 4150 6169 1360 7590
10:1482:1482
12 13 19:19168:9552 1360 8256
15:714:714
9 15 18 19 20:10025:120 850 3220 5760 75
16 19:3879:1575 2304
10 19:10816:1216 9600
1 3 4 5 10 15 17 18:23079:2541 792 3569 3441 1786 1020 730 9200
5 11 12 14:5303:1776 790 1791 946
2 3 4 11 14 15 19:15010:2256 456 3569 79 1078 1428 6144
2 3 7 10 15 17 19 20:15378:1222 432 2928 608 1122 1095 7296 675
1 2 3 4 5 8 13 15 16:19195:5324 2162 96 3154 3774 210 3400 850 225
5 17 19 20:8835:222 438 4800 3375
4 5 7 8 9 11 13 15 16:9061:830 666 2745 240 56 79 2125 340 1980
1 4 7 20:3436:847 1909 305 375
7 9:2690:2562 128
1 2 7 8 15 17 18:22330:5324 2068 2806 228 1598 876 9430
2 4 8 10 12 14 15 17 19:14407:2068 1826 198 798 6368 44 850 1679 576
6 10:2729:1323 1406
2 3 4 8 12 13 15:14126:1974 528 2905 234 3980 3825 680
3 5 8 9 12 15 17:6896:96 888 180 144 2587 884 2117
5 17 19:11082:4995 1095 4992
3 7 10 13 18:15087:1080 1403 1634 850 10120
3 5 8 9 13 15 16 17 20:8536:456 1665 276 92 85 680 1485 1022 2775
3 5 8 11 12 14 17 18:20143:1176 2886 216 2449 2587 1034 365 9430
7:2074:2074
5 7 10 20:8100:2886 1830 684 2700
6 11:1530:108 1422
3 5 8 9 20:3859:600 1665 270 124 1200
12 18:9381:1791 7590
1 4 6 10 11 13 17 18 19:21238:3872 415 81 38 3397 3910 3577 2300 3648
3 5 12 19:13697:744 2553 6368 4032
2 6 7 9 12 13 19:11187:1551 702 1403 84 796 1275 5376
2 3 8 16 19:9324:1128 864 180 2160 4992
10:798:798
5 13:7656:5106 2550
5 8 17:5495:3885 150 1460
1 2 8 9 13 14 15 20:10541:4356 1833 258 60 3230 286 68 450
1 15:4941:3751 1190
12 15 17 18:11742:8358 544 1460 1380
1 2 3 5 14 16 17 19:13009:968 1880 936 666 506 1485 2920 3648
5 7 10:6513:2775 1952 1786
4 10 12 13 15 16 17 18 20:24976:332 1178 4179 2465 816 1485 1606 11040 1875
7 8 9 15 16 17:5272:1647 198 164 306 1935 1022
10 11 13:1695:456 474 765
3 4 12:3211:1104 913 1194
2 4 5 10 12 13 17 19 20:25397:893 2241 2664 1672 3781 3995 2555 7296 300
5 6 9 11 12 13 16 17 19 20:21120:3774 918 80 3160 7164 1360 135 3212 192 1125
3 4 7 8 9 12 13 16 18:10967:960 913 1586 54 196 398 3995 1485 1380
4 6 8 13 14:5881:3652 783 72 340 1034
3 6 7 15 19 20:12855:1008 27 2379 1224 4992 3225
3 7 9 12:5411:888 1342 196 2985
3 4 8 12 14 16 17 18 19:32134:912 3901 54 9950 176 1215 730 5980 9216
1 4 6 7 8 12 13 15:14897:5324 2822 351 3050 162 995 1955 238
3 6 9 10 12 13 16 19:11295:504 540 32 190 2587 1445 45 5952
3 7 8 10 12 15 17 18 20:19441:360 1281 18 1862 6766 408 1606 4140 3000
2 3 4 5 6 8 12 16 18:14718:846 960 747 5328 189 114 5174 900 460
6 8 18 19:14901:783 156 8970 4992
1 2 6 7 11 12 15 16 17:16899:4235 1363 1188 2135 3081 1393 1632 1215 657
16:495:495
3 5 7 9 10 12 19 20:14442:480 3663 1830 196 418 3184 2496 2175
1 3 8 9:2099:1331 288 288 192
18:5750:5750
1 2 3 8 9 12 13 14:20766:5566 2256 144 264 36 8159 4165 176
2 3 5 6 8 12 14 16 20:12259:658 984 4773 945 282 597 330 765 2925
1 3 8 9 11 13 14 17 18 20:10302:484 720 54 32 158 1445 814 1460 1610 3525
5 7 14 15 17 19:6636:3330 427 858 442 1387 192
1 6 8 10 14 15 19:12762:3388 324 114 988 154 306 7488
1 3 5 8 9 10 12 15 16 20:19651:3146 1176 999 300 140 1216 8358 986 1980 1350
1 2 4 5 8 9 12 15 16 17:22628:3267 752 83 4773 264 32 8358 238 2160 2701
9:168:168
2 4 6 7 8 9 13 15 17 20:14046:282 4150 783 1586 180 108 1955 1428 949 2625
2 4 9 17 18:17589:47 3652 160 2920 10810
2 20:4267:517 3750
16:270:270
2 4 5 6 7 10 11 12 15 18:31204:517 3320 3552 1188 1708 1710 1580 8557 102 8970
3 5 12 17 18:12118:264 3219 6368 657 1610
1 3 7 8 9 10 11 13 16:16640:4961 1200 854 132 60 1596 3002 3485 1350
3 7 8 9 12 14 16 17 18 19:21424:936 122 60 48 9552 440 945 2263 4370 2688
4 5 7 9 11 12 14 16 20:11572:498 333 1403 188 316 6368 1056 1035 375
4 7 10:5935:3818 1281 836
2 9:1150:1034 116
1 2 4 10 15 18 19:12228:4961 1645 166 608 476 3220 1152
18:8050:8050
8 10 17:2689:204 76 2409
2 4 11 16 17 18 19:17220:1739 415 158 2160 2920 1380 8448
3 11 12 14 15:12304:720 2528 6766 1100 1190
1 6 11 12 19:12498:3267 783 3634 398 4416
1 2 7 8 9 12 16 20:14314:4235 1974 1464 180 20 1791 1125 3525
12 13 15 16 19:13730:8955 1955 714 1530 576
5 6 7 8 9 11 12 15 16 20:14832:2664 324 610 216 28 2449 4577 1054 1035 1875
1 2 4 7 8 12 13 14 17 19:24060:5082 611 249 2806 102 5970 1785 462 657 6336
1 2 4 7 9 10 14 16 18 19:17425:3267 376 1162 1281 152 950 616 1485 2760 5376
4 6:3871:2656 1215
1 4 5 8 10 11 13 14 15 17:12590:3146 166 999 270 1178 2291 170 594 272 3504
4 10:2824:1494 1330
1 2 8 9 16:3626:968 235 288 200 1935
1 9 14 19:5720:4114 144 1078 384
2 3 4 9 11 14 16 18 20:5938:94 240 664 168 1975 242 270 1610 675
2 7 8 9 10 16:2766:470 1525 84 172 380 135
5 8 12 13:9255:666 102 4577 3910
3 8 9:550:312 90 148
3 4 6 8 13 16 19:9074:288 2656 243 168 85 450 5184
6 12 15 18 20:18887:270 9552 850 5290 2925
2 3 6 7 8 9 10 14 16 17:7198:1363 552 81 2745 216 64 456 704 360 657
1 6 12 13 14 15 20:23308:5929 621 8358 3485 242 1598 3075
2 6 9 10 13 17:7522:1927 324 76 722 2210 2263
1 6:6794:5687 1107
2 4 11 15:7257:423 2822 2686 1326
12:7960:7960
2 4 10 11 16 17 19 20:19647:1316 1992 608 2844 1755 1460 7872 1800
2 4 5 8 14:7256:141 4067 2220 102 726
7 10 13:7126:2074 1482 3570
5 6 7 12 13 14 15 16 20:18190:2997 297 2928 6567 2890 176 1360 900 75
6 9 13 14:1571:513 76 850 132
1 4 7 8 10 14 18:8479:726 1162 2257 270 570 44 3450
3 5 12 15 19:19580:432 2664 8358 1598 6528
1 4 6 12 13 14 17 19 20:26838:1452 1660 1080 9552 4250 132 2190 3072 3450
2 3 5 6 7 10 17:5768:564 360 1221 540 915 1292 876
1 3 4 5 8 12 16 19:20324:4961 672 332 2886 132 1990 135 9216
2 5 13 14 18:11196:1927 3219 2380 220 3450
1 5 7 11:11314:3630 4440 2928 316
4 6 7 14:6221:3984 567 1098 572
1 3 4 5 10 11 12 16 17:11990:242 672 2241 2220 988 2607 199 1215 1606
1 9 16:1146:121 80 945
15:306:306
1 2 6 7 10 11 14 16 18 20:20612:2783 564 1134 793 1064 3002 22 1620 8280 1350
4 6 7 9 10 11 12 16 20:11913:332 351 976 140 266 2765 2388 945 3750
8 10 13 16:6463:114 1634 3995 720
2 6 9 11 16:6659:2303 324 156 1896 1980
1 9 12 14 16 17 20:13709:1331 116 3383 286 1710 3358 3525
2 3 6 11 15 18 20:10639:47 120 972 237 1598 4140 3525
14:154:154
1 5 9 11 14:9244:726 4995 120 2765 638
2 3 10 13 17 19 20:14459:2021 528 1140 3655 1898 4992 225
2 5 6 7 8 9 11 20:15321:2162 4329 1026 3050 294 84 3476 900
6 11:3033:189 2844
4 6 7 12 13 19:19229:581 837 122 4179 3910 9600
3 5 17:3867:792 666 2409
1 7 10 18 19:12473:2178 183 1824 3680 4608
