1 5 6 7 8 12 14:150:10 27 6 16 16 45 30
1 3 4 5 6 7 10 11 12 13 14 15 16 17 19 20:382:18 36 12 6 3 16 90 12 30 9 30 28 20 50 2 20
1 2 5 6 7 8 11 12 13 14 15 17 18 19 20:311:6 50 9 15 16 48 4 30 7 30 70 20 3 1 2
1 2 3 4 5 6 7 8 9 10 11 12 13 14 15 16 17 18 19 20:468:12 35 16 27 21 6 32 48 10 63 4 50 8 9 70 20 20 9 4 4
1 2 5 7 10 11 14 18:170:20 15 3 40 45 8 24 15
1 2 3 4 5 6 7 9 10 11 12 13 14 15 16 17 19 20:363:12 35 40 30 3 27 12 8 27 6 30 4 9 70 10 30 4 6
2 3 4 5 6 8 9 10 12 13 14 15 17 18 19 20:366:45 36 6 6 21 72 3 54 40 3 9 14 40 12 1 4
2 5 8 10 17 20:198:20 24 8 36 100 10
3 5 6 10 14 16 19:103:28 3 9 45 3 6 9
1 2 3 4 5 6 8 9 10 11 12 14 15 16 19 20:327:18 5 20 12 30 6 24 4 90 14 45 21 21 4 1 12
1 2 3 4 5 6 7 9 11 12 13 14 15 16 17 18 19 20:379:18 40 4 6 18 12 36 4 8 15 9 21 49 4 100 15 8 12
2 3 6 7 8 9 10 12 14 18 20:239:15 32 30 8 40 1 63 15 3 18 14
4 6 7 11 12 18:147:24 21 32 20 35 15
1 2 3 4 5 6 7 8 9 10 11 12 13 14 15 16 17 18 19 20:337:12 20 4 12 27 12 16 40 3 18 8 15 7 24 35 4 60 15 1 4
7 13 14 15 17:167:40 1 15 21 90
1 3 7 8 9 10 11 12 15 17 18 19:342:18 40 36 64 5 81 8 45 7 20 15 3
12:45:45
1 2 3 5 7 8 9 10 11 12 13 14 15 16 17 18:287:6 50 8 21 20 32 3 9 8 10 4 21 49 4 30 12
1 2 3 4 5 6 7 8 10 11 12 13 15 16 17 18 19 20:410:12 15 8 24 30 27 16 48 63 4 30 9 63 16 10 18 1 16
1 2 4 7 11:77:14 15 12 28 8
1 2 4 5 7 9 10 15 16 17 19 20:209:8 40 21 3 4 10 18 42 18 40 3 2
2 7 9 15:109:15 36 9 49
2 6 11 13:73:45 15 8 5
1 2 3 4 7 8 9 10 11 12 13 14 15 16 17 18 19 20:463:18 10 32 27 20 56 10 81 10 5 7 24 70 6 60 12 7 8
1 8 16 17 19:126:4 80 4 30 8
1 4 5 6 10 11 12 13 16 17 20:230:20 27 30 3 18 18 25 1 14 60 14
1 3 10:63:8 28 27
1 2 3 5 6 7 8 9 10 14 15 16 17 18:381:6 5 32 27 30 36 48 9 54 18 35 2 70 9
1 2 3 5 6 7 8 9 10 11 13 14 15 16 17 18 19 20:475:4 20 16 9 9 28 64 5 63 12 4 27 63 18 100 12 5 16
1 3 4 5 7 9 10 11 12 13 14 16 18 19 20:223:12 28 6 12 12 8 36 16 30 2 15 12 18 4 12
3 4 5 6 8 10 12 14 16 17 18:386:36 18 6 30 64 90 35 24 2 60 21
2 3 6 9 10 16:112:10 36 6 2 54 4
2 3 10 11 15 19:141:10 12 72 4 42 1
1 2 3 4 5 6 7 8 9 10 11 12 13 14 15 17 18 19:465:16 10 20 30 3 30 36 8 4 81 18 50 3 21 14 90 21 10
1 3 6 11 14 15:134:8 36 18 10 27 35
1 2 3 4 7 9 10 12 13 14 16 17 19 20:200:8 25 36 3 12 4 36 5 7 3 4 40 1 16
2 3 4 8 9 10 12 13 14 15 16 17 19 20:331:10 24 6 48 5 72 20 3 15 63 4 40 1 20
1 4 5 6 9 10 11 13 15 16 17 18 19 20:290:18 12 3 27 7 63 18 1 70 20 30 12 1 8
11 12 16:34:8 10 16
1 2 3 4 6 8 10 11 15 16 17 18 19 20:375:14 25 36 12 6 32 90 2 21 18 90 12 7 10
3 5 6 7 8 10 11 12 18 20:207:28 9 12 24 48 18 20 20 12 16
1 4 5 14 16 19 20:90:6 21 21 12 10 4 16
1 2 3 4 5 6 7 8 9 10 11 12 13 14 15 16 18 19 20:483:2 50 40 27 27 15 8 64 10 90 16 35 7 12 7 20 27 10 16
19:3:3
5 9 12:56:27 4 25
1 2 3 4 5 6 7 8 11 13 15 17 18 19 20:341:10 15 24 12 24 30 40 40 4 1 14 90 18 1 18
1 2 5 6 7 9 10 11 12 13 14 15 16 18 20:336:14 25 15 21 8 7 90 20 15 7 21 70 8 3 12
1 6 8 11 12 13 14 17 18 19 20:210:6 24 40 20 40 8 15 30 21 4 2
1 3 4 5 6 7 9 10 12 14 15 16 17 18 19 20:308:12 32 21 18 6 8 2 36 5 12 56 8 50 21 3 18
2 5 17 20:132:35 9 80 8
6 10 12 14 15 17:184:6 9 20 6 63 80
7 8 17 19 20:70:16 8 20 6 20
1 3 5 6 8 9 10 11 12 14 15 16 17 18 19 20:339:6 20 24 30 56 9 36 10 5 18 56 12 20 24 3 10
1 2 3 4 5 6 7 8 9 10 11 15 16 17 18 19 20:466:18 50 36 6 6 27 40 48 10 81 6 28 8 80 3 9 10
1 8 12 13 16:93:14 16 50 5 8
2 3 4 5 7 9 10 13 14 15:278:45 12 27 12 20 2 81 6 24 49
1 2 3 4 5 6 8 11 13 16 17 19:190:10 45 12 24 18 3 16 20 4 14 20 4
1 2 4 5 12 13 14 18 19:192:14 50 30 18 20 2 24 24 10
8 14:35:32 3
8:16:16
1 2 3 4 5 6 7 8 9 10 11 13 14 15 16 17 18 19 20:306:6 30 40 24 6 15 24 32 2 9 14 8 9 7 18 30 15 9 8
1 2 3 4 6 7 8 10 13 14 15 17 18 19 20:412:16 40 20 9 30 40 72 54 9 24 49 40 6 1 2
12 13 17:107:45 2 60
1 3 8 11 12 14 16 17 18 19:258:6 20 32 12 50 18 2 90 27 1
19:5:5
2 3 4 5 6 7 8 9 10 11 12 13 14 15 16 17 18 19:450:20 28 24 24 27 40 16 3 81 2 35 9 12 35 18 70 3 3
1 2 4 5 6 9 10 11 12 13 14 15 16 17 18 19 20:373:18 25 27 30 21 4 54 10 20 3 18 7 14 100 3 5 14
3 4 18:81:36 21 24
1 4 5 6 7 9 10 11 12 13 15 16 18 19:156:6 6 6 30 32 7 9 2 20 5 14 6 3 10
8:40:40
1 2 3 4 5 6 7 8 9 10 11 12 13 14 15 16 17 18 19 20:383:4 15 12 9 15 18 12 24 6 63 4 50 3 30 7 2 60 30 7 12
1 3 4 8 11 12 15 16 17 18:275:6 16 27 48 20 20 14 18 100 6
2 3 4 5 6 10 11 13 14 15 17 18 20:307:45 32 6 6 24 9 4 5 6 70 80 6 14
1 2 3 5 6 7 8 9 10 12 13 14 16 18 20:253:16 45 12 30 21 16 40 1 18 5 7 21 8 3 10
2 3 4 5 7 8 14 15 19:172:15 32 21 21 28 24 15 14 2
3 4 6 12:104:40 15 24 25
1 2 4 5 6 7 8 9 10 12 14 15 16 17 18 19 20:373:14 25 24 12 18 36 56 10 27 40 3 56 8 20 6 2 16
1 3 5 8 11 12 13 14 15 16 18:264:6 16 3 64 10 45 1 27 63 20 9
1 2 3 4 5 6 7 8 9 10 11 12 13 14 15 16 17 18 19 20:451:10 15 32 3 27 27 32 24 8 27 20 25 8 9 28 16 100 27 9 4
3 5 6 10 17 20:90:8 3 9 18 40 12
1 3 4 5 6 7 9 10 12 13 14 15 17 20:305:2 12 24 12 3 8 9 27 20 6 18 70 80 14
2 3 5 6 7 8 10 12 13 16 17 18 19:359:40 20 27 15 40 56 81 30 3 14 10 18 5
1 2 3 4 5 6 7 8 9 10 11 12 13 14 15 16 17 18 19 20:499:4 35 32 12 3 12 24 48 10 63 8 40 5 15 35 16 100 18 9 10
7 20:24:12 12
6 7 12:41:3 8 30
1 2 4 5 6 8 9 10 11 12 13 14 15 16 18 19 20:332:4 10 24 9 30 24 9 72 18 10 8 30 49 10 6 9 10
1 3 4 5 6 7 8 12 14 16 17 18 19:313:4 36 12 24 6 20 56 20 24 20 70 18 3
2 3 4 5 6 7 8 9 10 11 12 13 14 16 18 19:256:20 12 24 21 21 36 8 5 54 6 15 2 3 4 21 4
1 2 3 4 5 6 7 8 9 10 11 12 13 15 16 17 18 19 20:441:14 50 20 21 21 6 8 64 5 72 4 5 9 21 12 90 6 7 6
3 4 5 8 9 10 11 12 13 14 16 18 19:287:36 6 30 48 2 63 16 25 1 12 20 21 7
1 2 3 4 5 6 7 8 9 10 11 12 13 14 15 16 17 18 19 20:438:6 45 28 3 24 30 20 40 6 36 12 40 1 3 21 10 90 9 2 12
1 2 3 4 5 7 8 9 10 11 12 13 14 15 16 17 18 19 20:408:10 10 28 27 30 28 72 8 27 12 25 6 30 56 14 10 12 1 2
9 14 19 20:55:6 21 8 20
3 4 5 6 7 8 10 11 12 14 15 17 19 20:286:32 21 30 9 20 16 9 4 45 18 14 50 10 8
2 8 9 10 12 16 18 19 20:195:45 72 9 9 15 20 3 6 16
3 5 6 7 8 10 12 13 15 18 19:157:28 6 18 4 24 18 10 8 14 24 3
12 15 18 20:139:45 70 6 18
2 4 5 9 20:54:10 3 30 5 6
1 3 5 6 7 9 15 16 17 19:100:6 4 6 12 24 3 14 4 20 7
2 3 4 5 6 7 8 9 10 11 12 13 14 16 17 18 19 20:431:10 36 21 27 21 24 56 5 63 16 50 7 9 12 20 30 8 16
2 3 5 6 8 9 10 11 12 13 16 17 18 19 20:280:45 32 21 15 16 2 18 4 35 8 20 40 12 6 6
2 3 5 6 7 8 9 10 11 12 13 15 16 17 18 19 20:351:20 36 9 9 8 24 7 45 12 50 2 28 16 50 21 10 4
15:42:42
2 4 6 7 8 9 10 12 13 14 15 16 18 19:293:25 3 18 12 40 2 72 10 6 15 63 8 12 7
1 2 3 4 5 6 7 8 9 10 11 12 13 14 15 16 17 18 19 20:349:14 15 24 21 9 21 16 48 2 18 18 5 1 18 21 10 60 24 2 2
1 4 5 9 10 19:116:4 6 6 2 90 8
2 4 13 15:109:25 15 6 63
5 8 11:75:3 64 8
1 7 14 16:52:14 4 24 10
2 5 6 9 10 12 15 16 17 20:219:20 18 6 3 9 45 14 12 80 12
2 3 4 5 6 7 9 10 11 15 16 20:259:50 16 9 12 9 4 7 54 6 70 4 18
1 2 3 6 8 9 10 11 12 14 15 16 17 18 20:472:4 40 36 12 72 6 63 6 20 24 70 12 90 15 2
8 14 15 16 18:189:56 24 70 12 27
2 3 8 11 12 14:148:15 36 40 18 30 9
1 5 6 8 9 14 17 18:213:10 21 6 32 2 21 100 21
3 4 5 7 18 20:105:16 9 21 28 21 10
6 7 12 15 19 20:139:15 24 25 56 3 16
2 3 6 8 9 10 11 17 18 20:199:35 8 6 16 5 18 12 70 9 20
1 2 3 4 5 6 7 8 9 10 11 12 13 14 15 16 17 18 19 20:396:10 50 28 3 15 18 20 24 3 18 14 5 7 3 49 16 100 3 2 8
6 7 13:67:24 36 7
2 3 5 6 7 8 11 12 13 14 17:272:25 32 18 30 8 48 20 40 2 9 40
1 2 3 4 5 6 7 8 9 10 11 12 13 14 15 16 17 18 19 20:487:12 10 24 21 21 30 28 80 3 63 4 10 1 15 14 14 100 12 9 16
9 12 20:36:4 20 12
1 2 3 4 5 6 8 9 13 16 18 20:209:14 35 8 15 18 6 32 4 9 20 30 18
2 3 5 10 11 14 15 17 18 20:194:20 12 27 9 2 9 21 70 18 6
1 2 10 11 12 14 18 19:188:6 45 72 8 25 6 18 8
1 5 7 8 10 12 17 18 20:320:20 3 32 56 27 50 100 30 2
14:18:18
2 4 17 18 20:109:10 6 80 3 10
1 2 3 4 5 7 8 9 10 11 12 13 14 15 16 17 18 19 20:411:2 25 20 30 24 36 32 8 36 16 40 4 9 7 14 90 9 5 4
1 2 3 4 5 6 7 8 9 10 11 12 13 14 15 16 18 19 20:425:14 40 8 12 15 30 28 48 5 72 12 35 10 12 35 20 12 1 16
1 2 4 6 8 9 10 12 13 14 15 17 18 19 20:280:2 5 12 21 40 8 18 20 2 3 35 90 15 7 2
1 8 9 10 11 13 14 16:166:14 56 8 27 14 9 24 14
1 2 3 4 5 8 10 11 12 13 15 17 20:302:12 25 28 30 9 24 45 2 30 3 28 60 6
1 2 3 5 7 8 9 10 11 12 13 14 15 16 18 19 20:311:14 50 40 6 24 8 6 18 18 25 4 27 35 2 9 7 18
1 2 3 4 5 6 7 8 9 11 12 13 14 15 16 18 19 20:294:8 5 40 9 30 3 32 32 6 4 35 5 9 49 4 9 4 10
7 17:104:4 100
1 2 3 4 7 8 9 10 11 12 13 14 15 16 17 18 19 20:424:14 15 24 30 32 80 2 72 18 45 3 3 14 6 40 12 4 10
2 6 7 8 11 12 13 15 16 18 20:240:45 9 40 48 2 40 6 35 2 3 10
1 6 10 11 19 20:87:10 24 18 14 5 16
3 4 5 7 9 10 11 12 16 18 19:186:36 24 18 12 7 27 14 10 2 30 6
1 3 5 7 8 11 12 14 15 17 18:201:18 4 3 40 40 2 25 18 14 10 27
1 2 3 4 6 7 8 10 11 12 13 14 15 16 17 18 19 20:302:2 45 28 6 9 16 24 63 2 30 3 9 7 8 30 3 7 10
1 2 3 4 5 7 9 11 12 13 14 15 18 19 20:197:14 15 28 9 6 12 10 6 35 6 9 7 21 7 12
5 6 7 8 9 10 13 14 15 16 17 19 20:397:27 24 28 72 1 63 7 12 21 16 100 6 20
3 6 7 9 12 17 19:109:8 15 4 2 15 60 5
7 11 12 14:90:28 14 45 3
6:9:9
2 3 4 5 8 10 12 14 16:128:15 8 12 6 16 27 30 12 2
1 9:15:6 9 