148 204 271 980 824 1180 387 225 #UTIL: 7370
1178 #UTIL: 7938
1000 291 341 851 1294 8 844 378 #UTIL: 7360
764 #UTIL: 7620
664 594 327 1342 620 773 1077 1096 321 617 1373 #UTIL: 7525
664 594 327 1342 620 1077 1096 321 617 1373 #UTIL: 7312
664 594 327 1342 773 1077 1096 321 617 1373 #UTIL: 7306
664 594 1342 620 773 1077 1096 321 617 1373 #UTIL: 7285
664 327 1342 620 773 1077 1096 321 617 1373 #UTIL: 7351
664 481 594 327 1342 620 773 1077 1096 617 1373 #UTIL: 7416
664 481 594 327 1342 620 773 1077 1096 321 617 #UTIL: 7300
664 481 594 327 1342 620 773 1077 1096 321 617 1373 #UTIL: 8380
664 481 594 327 1342 620 773 1077 1096 321 1373 #UTIL: 7917
664 481 594 327 1342 620 773 1077 321 617 1373 #UTIL: 7868
664 481 594 327 1342 620 773 1077 321 1373 #UTIL: 7405
664 481 594 327 1342 620 1077 1096 321 617 1373 #UTIL: 8167
664 481 594 327 1342 620 1077 1096 321 1373 #UTIL: 7704
664 481 594 327 1342 620 1077 321 617 1373 #UTIL: 7655
664 481 594 327 1342 773 1077 1096 321 617 1373 #UTIL: 8161
664 481 594 327 1342 773 1077 1096 321 1373 #UTIL: 7698
664 481 594 327 1342 773 1077 321 617 1373 #UTIL: 7649
664 481 594 327 1342 1077 1096 321 617 1373 #UTIL: 7948
664 481 594 327 1342 1077 1096 321 1373 #UTIL: 7485
664 481 594 327 1342 1077 321 617 1373 #UTIL: 7436
664 481 594 1342 620 773 1077 1096 321 617 1373 #UTIL: 8140
664 481 594 1342 620 773 1077 1096 321 1373 #UTIL: 7677
664 481 594 1342 620 773 1077 321 617 1373 #UTIL: 7628
664 481 594 1342 620 1077 1096 321 617 1373 #UTIL: 7927
664 481 594 1342 620 1077 1096 321 1373 #UTIL: 7464
664 481 594 1342 620 1077 321 617 1373 #UTIL: 7415
664 481 594 1342 773 1077 1096 321 617 1373 #UTIL: 7921
664 481 594 1342 773 1077 1096 321 1373 #UTIL: 7458
664 481 594 1342 773 1077 321 617 1373 #UTIL: 7409
664 481 594 1342 1077 1096 321 617 1373 #UTIL: 7708
664 481 594 1342 1077 1096 321 1373 #UTIL: 7245
664 481 327 1342 620 773 1077 1096 617 1373 #UTIL: 7242
664 481 327 1342 620 773 1077 1096 321 617 1373 #UTIL: 8206
664 481 327 1342 620 773 1077 1096 321 1373 #UTIL: 7743
664 481 327 1342 620 773 1077 321 617 1373 #UTIL: 7694
664 481 327 1342 620 773 1077 321 1373 #UTIL: 7231
664 481 327 1342 620 1077 1096 321 617 1373 #UTIL: 7993
664 481 327 1342 620 1077 1096 321 1373 #UTIL: 7530
664 481 327 1342 620 1077 321 617 1373 #UTIL: 7481
664 481 327 1342 773 1077 1096 321 617 1373 #UTIL: 7987
664 481 327 1342 773 1077 1096 321 1373 #UTIL: 7524
664 481 327 1342 773 1077 321 617 1373 #UTIL: 7475
664 481 327 1342 1077 1096 321 617 1373 #UTIL: 7774
664 481 327 1342 1077 1096 321 1373 #UTIL: 7311
664 481 327 1342 1077 321 617 1373 #UTIL: 7262
664 481 1342 620 773 1077 1096 321 617 1373 #UTIL: 7966
664 481 1342 620 773 1077 1096 321 1373 #UTIL: 7503
664 481 1342 620 773 1077 321 617 1373 #UTIL: 7454
664 481 1342 620 1077 1096 321 617 1373 #UTIL: 7753
664 481 1342 620 1077 1096 321 1373 #UTIL: 7290
664 481 1342 620 1077 321 617 1373 #UTIL: 7241
664 481 1342 773 1077 1096 321 617 1373 #UTIL: 7747
664 481 1342 773 1077 1096 321 1373 #UTIL: 7284
664 481 1342 773 1077 321 617 1373 #UTIL: 7235
664 481 1342 1077 1096 321 617 1373 #UTIL: 7534
552 432 415 968 502 #UTIL: 7527
552 432 415 968 1118 502 #UTIL: 9285
552 432 415 1118 502 #UTIL: 8389
552 432 968 1118 502 #UTIL: 7248
552 415 968 1118 502 #UTIL: 7405
390 407 950 1093 528 1426 382 #UTIL: 7658
390 407 950 1093 1426 382 #UTIL: 7274
390 478 407 950 1093 528 382 #UTIL: 7326
390 478 407 950 1093 528 1426 #UTIL: 8336
390 478 407 950 1093 528 1426 382 #UTIL: 8822
390 478 407 950 1093 1426 #UTIL: 7952
390 478 407 950 1093 1426 382 #UTIL: 8438
390 478 407 950 528 1426 #UTIL: 7212
390 478 407 950 528 1426 382 #UTIL: 7698
390 478 407 950 1426 382 #UTIL: 7314
390 478 407 1093 528 1426 382 #UTIL: 7434
390 478 950 1093 528 1426 382 #UTIL: 7538
1452 #UTIL: 7514
1448 #UTIL: 9456
1415 #UTIL: 7980
1201 #UTIL: 8425
1112 #UTIL: 7518
1024 #UTIL: 9085
1024 1186 1446 1236 244 287 414 404 1436 94 1340 #UTIL: 7339
1024 1186 1446 1236 244 287 414 404 1436 1340 #UTIL: 7215
1024 1186 1446 1236 244 287 1512 414 404 94 1340 #UTIL: 7225
1024 1186 1446 1236 244 287 1512 414 404 1436 94 1340 #UTIL: 7501
1024 1186 1446 1236 244 287 1512 414 404 1436 1340 #UTIL: 7377
1024 1186 1446 1236 244 287 1512 271 414 404 94 1340 #UTIL: 7699
1024 1186 1446 1236 244 287 1512 271 414 404 1436 94 1340 #UTIL: 7975
1024 1186 1446 1236 244 287 1512 271 414 404 1436 1340 #UTIL: 7851
1024 1186 1446 1236 244 287 1512 271 414 404 1340 #UTIL: 7575
1024 1186 1446 1236 244 287 1512 271 414 1436 94 1340 #UTIL: 7475
1024 1186 1446 1236 244 287 1512 271 414 1436 1340 #UTIL: 7351
1024 1186 1446 1236 244 287 271 414 404 94 1340 #UTIL: 7537
1024 1186 1446 1236 244 287 271 414 404 1436 94 1340 #UTIL: 7813
1024 1186 1446 1236 244 287 271 414 404 1436 1340 #UTIL: 7689
1024 1186 1446 1236 244 287 271 414 404 1340 #UTIL: 7413
1024 1186 1446 1236 244 287 271 414 1436 94 1340 #UTIL: 7313
1024 1186 1446 1236 244 1512 271 414 404 94 1340 #UTIL: 7387
1024 1186 1446 1236 244 1512 271 414 404 1436 94 1340 #UTIL: 7663
1024 1186 1446 1236 244 1512 271 414 404 1436 1340 #UTIL: 7539
1024 1186 1446 1236 244 1512 271 414 404 1340 #UTIL: 7263
1024 1186 1446 1236 244 271 414 404 94 1340 #UTIL: 7225
1024 1186 1446 1236 244 271 414 404 1436 94 1340 #UTIL: 7501
1024 1186 1446 1236 244 271 414 404 1436 1340 #UTIL: 7377
1024 1186 1446 1236 237 244 287 414 404 94 1340 #UTIL: 7599
1024 1186 1446 1236 237 244 287 414 404 1436 94 1340 #UTIL: 7875
1024 1186 1446 1236 237 244 287 414 404 1436 1340 #UTIL: 7751
1024 1186 1446 1236 237 244 287 414 404 1340 #UTIL: 7475
1024 1186 1446 1236 237 244 287 414 1436 94 1340 #UTIL: 7375
1024 1186 1446 1236 237 244 287 414 1436 1340 #UTIL: 7251
1024 1186 1446 1236 237 244 287 1512 414 404 94 1340 #UTIL: 7761
1024 1186 1446 1236 237 244 287 1512 414 404 1436 94 1340 #UTIL: 8037
1024 1186 1446 1236 237 244 287 1512 414 404 1436 1340 #UTIL: 7913
1024 1186 1446 1236 237 244 287 1512 414 404 1340 #UTIL: 7637
1024 1186 1446 1236 237 244 287 1512 414 94 1340 #UTIL: 7261
1024 1186 1446 1236 237 244 287 1512 414 1436 94 1340 #UTIL: 7537
1024 1186 1446 1236 237 244 287 1512 414 1436 1340 #UTIL: 7413
1024 1186 1446 1236 237 244 287 1512 271 414 404 94 #UTIL: 7207
1024 1186 1446 1236 237 244 287 1512 271 414 404 94 1340 #UTIL: 8235
1024 1186 1446 1236 237 244 287 1512 271 414 404 1436 #UTIL: 7359
1024 1186 1446 1236 237 244 287 1512 271 414 404 1436 94 #UTIL: 7483
1024 1186 1446 1236 237 244 287 1512 271 414 404 1436 94 1340 #UTIL: 8511
1024 1186 1446 1236 237 244 287 1512 271 414 404 1436 1340 #UTIL: 8387
1024 1186 1446 1236 237 244 287 1512 271 414 404 1340 #UTIL: 8111
1024 1186 1446 1236 237 244 287 1512 271 414 94 1340 #UTIL: 7735
1024 1186 1446 1236 237 244 287 1512 271 414 1436 94 1340 #UTIL: 8011
1024 1186 1446 1236 237 244 287 1512 271 414 1436 1340 #UTIL: 7887
1024 1186 1446 1236 237 244 287 1512 271 414 1340 #UTIL: 7611
1024 1186 1446 1236 237 244 287 1512 271 404 94 1340 #UTIL: 7404
1024 1186 1446 1236 237 244 287 1512 271 404 1436 94 1340 #UTIL: 7680
1024 1186 1446 1236 237 244 287 1512 271 404 1436 1340 #UTIL: 7556
1024 1186 1446 1236 237 244 287 1512 271 404 1340 #UTIL: 7280
1024 1186 1446 1236 237 244 287 271 414 404 94 1340 #UTIL: 8073
1024 1186 1446 1236 237 244 287 271 414 404 1436 94 #UTIL: 7321
1024 1186 1446 1236 237 244 287 271 414 404 1436 94 1340 #UTIL: 8349
1024 1186 1446 1236 237 244 287 271 414 404 1436 1340 #UTIL: 8225
1024 1186 1446 1236 237 244 287 271 414 404 1340 #UTIL: 7949
1024 1186 1446 1236 237 244 287 271 414 94 1340 #UTIL: 7573
1024 1186 1446 1236 237 244 287 271 414 1436 94 1340 #UTIL: 7849
1024 1186 1446 1236 237 244 287 271 414 1436 1340 #UTIL: 7725
1024 1186 1446 1236 237 244 287 271 414 1340 #UTIL: 7449
1024 1186 1446 1236 237 244 287 271 404 94 1340 #UTIL: 7242
1024 1186 1446 1236 237 244 287 271 404 1436 94 1340 #UTIL: 7518
1024 1186 1446 1236 237 244 287 271 404 1436 1340 #UTIL: 7394
1024 1186 1446 1236 237 244 414 404 94 1340 #UTIL: 7287
1024 1186 1446 1236 237 244 414 404 1436 94 1340 #UTIL: 7563
1024 1186 1446 1236 237 244 414 404 1436 1340 #UTIL: 7439
1024 1186 1446 1236 237 244 1512 414 404 94 1340 #UTIL: 7449
1024 1186 1446 1236 237 244 1512 414 404 1436 94 1340 #UTIL: 7725
1024 1186 1446 1236 237 244 1512 414 404 1436 1340 #UTIL: 7601
1024 1186 1446 1236 237 244 1512 414 404 1340 #UTIL: 7325
1024 1186 1446 1236 237 244 1512 414 1436 94 1340 #UTIL: 7225
1024 1186 1446 1236 237 244 1512 271 414 404 94 1340 #UTIL: 7923
1024 1186 1446 1236 237 244 1512 271 414 404 1436 94 1340 #UTIL: 8199
1024 1186 1446 1236 237 244 1512 271 414 404 1436 1340 #UTIL: 8075
1024 1186 1446 1236 237 244 1512 271 414 404 1340 #UTIL: 7799
1024 1186 1446 1236 237 244 1512 271 414 94 1340 #UTIL: 7423
1024 1186 1446 1236 237 244 1512 271 414 1436 94 1340 #UTIL: 7699
1024 1186 1446 1236 237 244 1512 271 414 1436 1340 #UTIL: 7575
1024 1186 1446 1236 237 244 1512 271 414 1340 #UTIL: 7299
1024 1186 1446 1236 237 244 1512 271 404 1436 94 1340 #UTIL: 7368
1024 1186 1446 1236 237 244 1512 271 404 1436 1340 #UTIL: 7244
1024 1186 1446 1236 237 244 271 414 404 94 1340 #UTIL: 7761
1024 1186 1446 1236 237 244 271 414 404 1436 94 1340 #UTIL: 8037
1024 1186 1446 1236 237 244 271 414 404 1436 1340 #UTIL: 7913
1024 1186 1446 1236 237 244 271 414 404 1340 #UTIL: 7637
1024 1186 1446 1236 237 244 271 414 94 1340 #UTIL: 7261
1024 1186 1446 1236 237 244 271 414 1436 94 1340 #UTIL: 7537
1024 1186 1446 1236 237 244 271 414 1436 1340 #UTIL: 7413
1024 1186 1446 1236 237 287 1512 414 404 1436 94 1340 #UTIL: 7227
1024 1186 1446 1236 237 287 1512 271 414 404 94 1340 #UTIL: 7425
1024 1186 1446 1236 237 287 1512 271 414 404 1436 94 1340 #UTIL: 7701
1024 1186 1446 1236 237 287 1512 271 414 404 1436 1340 #UTIL: 7577
1024 1186 1446 1236 237 287 1512 271 414 404 1340 #UTIL: 7301
1024 1186 1446 1236 237 287 271 414 404 94 1340 #UTIL: 7263
1024 1186 1446 1236 237 287 271 414 404 1436 94 1340 #UTIL: 7539
1024 1186 1446 1236 237 287 271 414 404 1436 1340 #UTIL: 7415
1024 1186 1446 1236 237 1512 271 414 404 1436 94 1340 #UTIL: 7389
1024 1186 1446 1236 237 1512 271 414 404 1436 1340 #UTIL: 7265
1024 1186 1446 1236 237 271 414 404 1436 94 1340 #UTIL: 7227
1024 1186 1446 237 244 287 1512 271 414 404 94 1340 #UTIL: 7239
1024 1186 1446 237 244 287 1512 271 414 404 1436 94 1340 #UTIL: 7515
1024 1186 1446 237 244 287 1512 271 414 404 1436 1340 #UTIL: 7391
1024 1186 1446 237 244 287 271 414 404 1436 94 1340 #UTIL: 7353
1024 1186 1446 237 244 287 271 414 404 1436 1340 #UTIL: 7229
1024 1186 1236 244 287 1512 271 414 404 94 1340 #UTIL: 7321
1024 1186 1236 244 287 1512 271 414 404 1436 94 1340 #UTIL: 7597
1024 1186 1236 244 287 1512 271 414 404 1436 1340 #UTIL: 7473
1024 1186 1236 244 287 271 414 404 1436 94 1340 #UTIL: 7435
1024 1186 1236 244 287 271 414 404 1436 1340 #UTIL: 7311
1024 1186 1236 244 1512 271 414 404 1436 94 1340 #UTIL: 7285
1024 1186 1236 237 244 287 414 404 94 1340 #UTIL: 7221
1024 1186 1236 237 244 287 414 404 1436 94 1340 #UTIL: 7497
1024 1186 1236 237 244 287 414 404 1436 1340 #UTIL: 7373
1024 1186 1236 237 244 287 1512 414 404 94 1340 #UTIL: 7383
1024 1186 1236 237 244 287 1512 414 404 1436 94 1340 #UTIL: 7659
1024 1186 1236 237 244 287 1512 414 404 1436 1340 #UTIL: 7535
1024 1186 1236 237 244 287 1512 414 404 1340 #UTIL: 7259
1024 1186 1236 237 244 287 1512 271 414 404 94 1340 #UTIL: 7857
1024 1186 1236 237 244 287 1512 271 414 404 1436 94 1340 #UTIL: 8133
1024 1186 1236 237 244 287 1512 271 414 404 1436 1340 #UTIL: 8009
1024 1186 1236 237 244 287 1512 271 414 404 1340 #UTIL: 7733
1024 1186 1236 237 244 287 1512 271 414 94 1340 #UTIL: 7357
1024 1186 1236 237 244 287 1512 271 414 1436 94 1340 #UTIL: 7633
1024 1186 1236 237 244 287 1512 271 414 1436 1340 #UTIL: 7509
1024 1186 1236 237 244 287 1512 271 414 1340 #UTIL: 7233
1024 1186 1236 237 244 287 1512 271 404 1436 94 1340 #UTIL: 7302
1024 1186 1236 237 244 287 271 414 404 94 1340 #UTIL: 7695
1024 1186 1236 237 244 287 271 414 404 1436 94 1340 #UTIL: 7971
1024 1186 1236 237 244 287 271 414 404 1436 1340 #UTIL: 7847
1024 1186 1236 237 244 287 271 414 404 1340 #UTIL: 7571
1024 1186 1236 237 244 287 271 414 1436 94 1340 #UTIL: 7471
1024 1186 1236 237 244 287 271 414 1436 1340 #UTIL: 7347
1024 1186 1236 237 244 1512 414 404 1436 94 1340 #UTIL: 7347
1024 1186 1236 237 244 1512 414 404 1436 1340 #UTIL: 7223
1024 1186 1236 237 244 1512 271 414 404 94 1340 #UTIL: 7545
1024 1186 1236 237 244 1512 271 414 404 1436 94 1340 #UTIL: 7821
1024 1186 1236 237 244 1512 271 414 404 1436 1340 #UTIL: 7697
1024 1186 1236 237 244 1512 271 414 404 1340 #UTIL: 7421
1024 1186 1236 237 244 1512 271 414 1436 94 1340 #UTIL: 7321
1024 1186 1236 237 244 271 414 404 94 1340 #UTIL: 7383
1024 1186 1236 237 244 271 414 404 1436 94 1340 #UTIL: 7659
1024 1186 1236 237 244 271 414 404 1436 1340 #UTIL: 7535
1024 1186 1236 237 244 271 414 404 1340 #UTIL: 7259
1024 1186 1236 237 287 1512 271 414 404 1436 94 1340 #UTIL: 7323
1024 1446 1236 244 287 1512 271 414 404 1436 94 1340 #UTIL: 7471
1024 1446 1236 244 287 1512 271 414 404 1436 1340 #UTIL: 7347
1024 1446 1236 244 287 271 414 404 1436 94 1340 #UTIL: 7309
1024 1446 1236 237 244 287 414 404 1436 94 1340 #UTIL: 7371
1024 1446 1236 237 244 287 414 404 1436 1340 #UTIL: 7247
1024 1446 1236 237 244 287 1512 414 404 94 1340 #UTIL: 7257
1024 1446 1236 237 244 287 1512 414 404 1436 94 1340 #UTIL: 7533
1024 1446 1236 237 244 287 1512 414 404 1436 1340 #UTIL: 7409
1024 1446 1236 237 244 287 1512 271 414 404 94 1340 #UTIL: 7731
1024 1446 1236 237 244 287 1512 271 414 404 1436 94 1340 #UTIL: 8007
1024 1446 1236 237 244 287 1512 271 414 404 1436 1340 #UTIL: 7883
1024 1446 1236 237 244 287 1512 271 414 404 1340 #UTIL: 7607
1024 1446 1236 237 244 287 1512 271 414 94 1340 #UTIL: 7231
1024 1446 1236 237 244 287 1512 271 414 1436 94 1340 #UTIL: 7507
1024 1446 1236 237 244 287 1512 271 414 1436 1340 #UTIL: 7383
1024 1446 1236 237 244 287 271 414 404 94 1340 #UTIL: 7569
1024 1446 1236 237 244 287 271 414 404 1436 94 1340 #UTIL: 7845
1024 1446 1236 237 244 287 271 414 404 1436 1340 #UTIL: 7721
1024 1446 1236 237 244 287 271 414 404 1340 #UTIL: 7445
1024 1446 1236 237 244 287 271 414 1436 94 1340 #UTIL: 7345
1024 1446 1236 237 244 287 271 414 1436 1340 #UTIL: 7221
1024 1446 1236 237 244 1512 414 404 1436 94 1340 #UTIL: 7221
1024 1446 1236 237 244 1512 271 414 404 94 1340 #UTIL: 7419
1024 1446 1236 237 244 1512 271 414 404 1436 94 1340 #UTIL: 7695
1024 1446 1236 237 244 1512 271 414 404 1436 1340 #UTIL: 7571
1024 1446 1236 237 244 1512 271 414 404 1340 #UTIL: 7295
1024 1446 1236 237 244 271 414 404 94 1340 #UTIL: 7257
1024 1446 1236 237 244 271 414 404 1436 94 1340 #UTIL: 7533
1024 1446 1236 237 244 271 414 404 1436 1340 #UTIL: 7409
1024 1236 237 244 287 1512 271 414 404 94 1340 #UTIL: 7353
1024 1236 237 244 287 1512 271 414 404 1436 94 1340 #UTIL: 7629
1024 1236 237 244 287 1512 271 414 404 1436 1340 #UTIL: 7505
1024 1236 237 244 287 1512 271 414 404 1340 #UTIL: 7229
1024 1236 237 244 287 271 414 404 1436 94 1340 #UTIL: 7467
1024 1236 237 244 287 271 414 404 1436 1340 #UTIL: 7343
1024 1236 237 244 1512 271 414 404 1436 94 1340 #UTIL: 7317
1011 #UTIL: 7608
866 #UTIL: 8304
866 683 1066 34 1076 1282 #UTIL: 7804
367 #UTIL: 8027
151 1143 1199 465 810 1189 108 323 408 67 434 #UTIL: 7227
151 1143 1199 1084 465 1189 108 323 408 67 434 #UTIL: 7548
151 1143 1199 1084 465 810 1189 108 323 408 434 #UTIL: 7403
151 1143 1199 1084 465 810 1189 108 323 408 67 434 #UTIL: 7775
151 1143 1199 1084 465 810 1189 323 408 67 434 #UTIL: 7337
151 1143 1199 1084 465 810 108 323 408 67 434 #UTIL: 7471
151 1143 1199 1084 465 108 323 408 67 434 #UTIL: 7244
151 1143 1199 1084 157 465 1189 108 323 434 #UTIL: 7401
151 1143 1199 1084 157 465 1189 108 323 67 434 #UTIL: 7773
151 1143 1199 1084 157 465 1189 108 323 408 #UTIL: 7351
151 1143 1199 1084 157 465 1189 108 323 408 434 #UTIL: 8061
151 1143 1199 1084 157 465 1189 108 323 408 67 #UTIL: 7723
151 1143 1199 1084 157 465 1189 108 323 408 67 434 #UTIL: 8433
151 1143 1199 1084 157 465 1189 108 408 434 #UTIL: 7361
151 1143 1199 1084 157 465 1189 108 408 67 434 #UTIL: 7733
151 1143 1199 1084 157 465 1189 323 67 434 #UTIL: 7335
151 1143 1199 1084 157 465 1189 323 408 434 #UTIL: 7623
151 1143 1199 1084 157 465 1189 323 408 67 #UTIL: 7285
151 1143 1199 1084 157 465 1189 323 408 67 434 #UTIL: 7995
151 1143 1199 1084 157 465 1189 408 67 434 #UTIL: 7295
151 1143 1199 1084 157 465 810 1189 108 323 434 #UTIL: 7628
151 1143 1199 1084 157 465 810 1189 108 323 67 #UTIL: 7290
151 1143 1199 1084 157 465 810 1189 108 323 67 434 #UTIL: 8000
151 1143 1199 1084 157 465 810 1189 108 323 408 #UTIL: 7578
151 1143 1199 1084 157 465 810 1189 108 323 408 434 #UTIL: 8288
151 1143 1199 1084 157 465 810 1189 108 323 408 67 #UTIL: 7950
151 1143 1199 1084 157 465 810 1189 108 323 408 67 434 #UTIL: 8660
151 1143 1199 1084 157 465 810 1189 108 67 434 #UTIL: 7300
151 1143 1199 1084 157 465 810 1189 108 408 434 #UTIL: 7588
151 1143 1199 1084 157 465 810 1189 108 408 67 #UTIL: 7250
151 1143 1199 1084 157 465 810 1189 108 408 67 434 #UTIL: 7960
151 1143 1199 1084 157 465 810 1189 323 67 434 #UTIL: 7562
151 1143 1199 1084 157 465 810 1189 323 408 434 #UTIL: 7850
151 1143 1199 1084 157 465 810 1189 323 408 67 #UTIL: 7512
151 1143 1199 1084 157 465 810 1189 323 408 67 434 #UTIL: 8222
151 1143 1199 1084 157 465 810 1189 408 67 434 #UTIL: 7522
151 1143 1199 1084 157 465 810 108 323 434 #UTIL: 7324
151 1143 1199 1084 157 465 810 108 323 67 434 #UTIL: 7696
151 1143 1199 1084 157 465 810 108 323 408 #UTIL: 7274
151 1143 1199 1084 157 465 810 108 323 408 434 #UTIL: 7984
151 1143 1199 1084 157 465 810 108 323 408 67 #UTIL: 7646
151 1143 1199 1084 157 465 810 108 323 408 67 434 #UTIL: 8356
151 1143 1199 1084 157 465 810 108 408 434 #UTIL: 7284
151 1143 1199 1084 157 465 810 108 408 67 434 #UTIL: 7656
151 1143 1199 1084 157 465 810 323 67 434 #UTIL: 7258
151 1143 1199 1084 157 465 810 323 408 434 #UTIL: 7546
151 1143 1199 1084 157 465 810 323 408 67 #UTIL: 7208
151 1143 1199 1084 157 465 810 323 408 67 434 #UTIL: 7918
151 1143 1199 1084 157 465 810 408 67 434 #UTIL: 7218
151 1143 1199 1084 157 465 108 323 67 434 #UTIL: 7469
151 1143 1199 1084 157 465 108 323 408 434 #UTIL: 7757
151 1143 1199 1084 157 465 108 323 408 67 #UTIL: 7419
151 1143 1199 1084 157 465 108 323 408 67 434 #UTIL: 8129
151 1143 1199 1084 157 465 108 408 67 434 #UTIL: 7429
151 1143 1199 1084 157 465 323 408 434 #UTIL: 7319
151 1143 1199 1084 157 465 323 408 67 434 #UTIL: 7691
151 1143 1199 1084 157 1189 108 323 408 67 434 #UTIL: 7253
151 1143 1199 1084 157 810 1189 108 323 408 67 434 #UTIL: 7480
151 1143 1199 157 465 1189 108 323 67 434 #UTIL: 7225
151 1143 1199 157 465 1189 108 323 408 434 #UTIL: 7513
151 1143 1199 157 465 1189 108 323 408 67 434 #UTIL: 7885
151 1143 1199 157 465 1189 323 408 67 434 #UTIL: 7447
151 1143 1199 157 465 810 1189 108 323 67 434 #UTIL: 7452
151 1143 1199 157 465 810 1189 108 323 408 434 #UTIL: 7740
151 1143 1199 157 465 810 1189 108 323 408 67 #UTIL: 7402
151 1143 1199 157 465 810 1189 108 323 408 67 434 #UTIL: 8112
151 1143 1199 157 465 810 1189 108 408 67 434 #UTIL: 7412
151 1143 1199 157 465 810 1189 323 408 434 #UTIL: 7302
151 1143 1199 157 465 810 1189 323 408 67 434 #UTIL: 7674
151 1143 1199 157 465 810 108 323 408 434 #UTIL: 7436
151 1143 1199 157 465 810 108 323 408 67 434 #UTIL: 7808
151 1143 1199 157 465 810 323 408 67 434 #UTIL: 7370
151 1143 1199 157 465 108 323 408 434 #UTIL: 7209
151 1143 1199 157 465 108 323 408 67 434 #UTIL: 7581
151 1143 1199 806 465 1189 108 323 408 67 434 #UTIL: 7520
151 1143 1199 806 465 810 1189 108 323 408 434 #UTIL: 7375
151 1143 1199 806 465 810 1189 108 323 408 67 434 #UTIL: 7747
151 1143 1199 806 465 810 1189 323 408 67 434 #UTIL: 7309
151 1143 1199 806 465 810 108 323 408 67 434 #UTIL: 7443
151 1143 1199 806 465 108 323 408 67 434 #UTIL: 7216
151 1143 1199 806 1084 465 1189 108 323 67 434 #UTIL: 7408
151 1143 1199 806 1084 465 1189 108 323 408 434 #UTIL: 7696
151 1143 1199 806 1084 465 1189 108 323 408 67 #UTIL: 7358
151 1143 1199 806 1084 465 1189 108 323 408 67 434 #UTIL: 8068
151 1143 1199 806 1084 465 1189 108 408 67 434 #UTIL: 7368
151 1143 1199 806 1084 465 1189 323 408 434 #UTIL: 7258
151 1143 1199 806 1084 465 1189 323 408 67 434 #UTIL: 7630
151 1143 1199 806 1084 465 810 1189 108 323 434 #UTIL: 7263
151 1143 1199 806 1084 465 810 1189 108 323 67 434 #UTIL: 7635
151 1143 1199 806 1084 465 810 1189 108 323 408 #UTIL: 7213
151 1143 1199 806 1084 465 810 1189 108 323 408 434 #UTIL: 7923
151 1143 1199 806 1084 465 810 1189 108 323 408 67 #UTIL: 7585
151 1143 1199 806 1084 465 810 1189 108 323 408 67 434 #UTIL: 8295
151 1143 1199 806 1084 465 810 1189 108 408 434 #UTIL: 7223
151 1143 1199 806 1084 465 810 1189 108 408 67 434 #UTIL: 7595
151 1143 1199 806 1084 465 810 1189 323 408 434 #UTIL: 7485
151 1143 1199 806 1084 465 810 1189 323 408 67 434 #UTIL: 7857
151 1143 1199 806 1084 465 810 108 323 67 434 #UTIL: 7331
151 1143 1199 806 1084 465 810 108 323 408 434 #UTIL: 7619
151 1143 1199 806 1084 465 810 108 323 408 67 #UTIL: 7281
151 1143 1199 806 1084 465 810 108 323 408 67 434 #UTIL: 7991
151 1143 1199 806 1084 465 810 108 408 67 434 #UTIL: 7291
151 1143 1199 806 1084 465 810 323 408 67 434 #UTIL: 7553
151 1143 1199 806 1084 465 108 323 408 434 #UTIL: 7392
151 1143 1199 806 1084 465 108 323 408 67 434 #UTIL: 7764
151 1143 1199 806 1084 465 323 408 67 434 #UTIL: 7326
151 1143 1199 806 1084 157 465 1189 108 434 #UTIL: 7221
151 1143 1199 806 1084 157 465 1189 108 323 #UTIL: 7211
151 1143 1199 806 1084 157 465 1189 108 323 434 #UTIL: 7921
151 1143 1199 806 1084 157 465 1189 108 323 67 #UTIL: 7583
151 1143 1199 806 1084 157 465 1189 108 323 67 434 #UTIL: 8293
151 1143 1199 806 1084 157 465 1189 108 323 408 #UTIL: 7871
151 1143 1199 806 1084 157 465 1189 108 323 408 434 #UTIL: 8581
151 1143 1199 806 1084 157 465 1189 108 323 408 67 #UTIL: 8243
151 1143 1199 806 1084 157 465 1189 108 323 408 67 434 #UTIL: 8953
151 1143 1199 806 1084 157 465 1189 108 67 434 #UTIL: 7593
151 1143 1199 806 1084 157 465 1189 108 408 434 #UTIL: 7881
151 1143 1199 806 1084 157 465 1189 108 408 67 #UTIL: 7543
151 1143 1199 806 1084 157 465 1189 108 408 67 434 #UTIL: 8253
151 1143 1199 806 1084 157 465 1189 323 434 #UTIL: 7483
151 1143 1199 806 1084 157 465 1189 323 67 434 #UTIL: 7855
151 1143 1199 806 1084 157 465 1189 323 408 #UTIL: 7433
151 1143 1199 806 1084 157 465 1189 323 408 434 #UTIL: 8143
151 1143 1199 806 1084 157 465 1189 323 408 67 #UTIL: 7805
151 1143 1199 806 1084 157 465 1189 323 408 67 434 #UTIL: 8515
151 1143 1199 806 1084 157 465 1189 408 434 #UTIL: 7443
151 1143 1199 806 1084 157 465 1189 408 67 434 #UTIL: 7815
151 1143 1199 806 1084 157 465 810 1189 108 434 #UTIL: 7448
151 1143 1199 806 1084 157 465 810 1189 108 323 #UTIL: 7438
151 1143 1199 806 1084 157 465 810 1189 108 323 434 #UTIL: 8148
151 1143 1199 806 1084 157 465 810 1189 108 323 67 #UTIL: 7810
151 1143 1199 806 1084 157 465 810 1189 108 323 67 434 #UTIL: 8520
151 1143 1199 806 1084 157 465 810 1189 108 323 408 #UTIL: 8098
151 1143 1199 806 1084 157 465 810 1189 108 323 408 434 #UTIL: 8808
151 1143 1199 806 1084 157 465 810 1189 108 323 408 67 #UTIL: 8470
151 1143 1199 806 1084 157 465 810 1189 108 323 408 67 434 #UTIL: 9180
151 1143 1199 806 1084 157 465 810 1189 108 67 434 #UTIL: 7820
151 1143 1199 806 1084 157 465 810 1189 108 408 #UTIL: 7398
151 1143 1199 806 1084 157 465 810 1189 108 408 434 #UTIL: 8108
151 1143 1199 806 1084 157 465 810 1189 108 408 67 #UTIL: 7770
151 1143 1199 806 1084 157 465 810 1189 108 408 67 434 #UTIL: 8480
151 1143 1199 806 1084 157 465 810 1189 323 434 #UTIL: 7710
151 1143 1199 806 1084 157 465 810 1189 323 67 #UTIL: 7372
151 1143 1199 806 1084 157 465 810 1189 323 67 434 #UTIL: 8082
151 1143 1199 806 1084 157 465 810 1189 323 408 #UTIL: 7660
151 1143 1199 806 1084 157 465 810 1189 323 408 434 #UTIL: 8370
151 1143 1199 806 1084 157 465 810 1189 323 408 67 #UTIL: 8032
151 1143 1199 806 1084 157 465 810 1189 323 408 67 434 #UTIL: 8742
151 1143 1199 806 1084 157 465 810 1189 67 434 #UTIL: 7382
151 1143 1199 806 1084 157 465 810 1189 408 434 #UTIL: 7670
151 1143 1199 806 1084 157 465 810 1189 408 67 #UTIL: 7332
151 1143 1199 806 1084 157 465 810 1189 408 67 434 #UTIL: 8042
151 1143 1199 806 1084 157 465 810 108 323 434 #UTIL: 7844
151 1143 1199 806 1084 157 465 810 108 323 67 #UTIL: 7506
151 1143 1199 806 1084 157 465 810 108 323 67 434 #UTIL: 8216
151 1143 1199 806 1084 157 465 810 108 323 408 #UTIL: 7794
151 1143 1199 806 1084 157 465 810 108 323 408 434 #UTIL: 8504
151 1143 1199 806 1084 157 465 810 108 323 408 67 #UTIL: 8166
151 1143 1199 806 1084 157 465 810 108 323 408 67 434 #UTIL: 8876
151 1143 1199 806 1084 157 465 810 108 67 434 #UTIL: 7516
151 1143 1199 806 1084 157 465 810 108 408 434 #UTIL: 7804
151 1143 1199 806 1084 157 465 810 108 408 67 #UTIL: 7466
151 1143 1199 806 1084 157 465 810 108 408 67 434 #UTIL: 8176
151 1143 1199 806 1084 157 465 810 323 434 #UTIL: 7406
151 1143 1199 806 1084 157 465 810 323 67 434 #UTIL: 7778
151 1143 1199 806 1084 157 465 810 323 408 #UTIL: 7356
151 1143 1199 806 1084 157 465 810 323 408 434 #UTIL: 8066
151 1143 1199 806 1084 157 465 810 323 408 67 #UTIL: 7728
151 1143 1199 806 1084 157 465 810 323 408 67 434 #UTIL: 8438
151 1143 1199 806 1084 157 465 810 408 434 #UTIL: 7366
151 1143 1199 806 1084 157 465 810 408 67 434 #UTIL: 7738
151 1143 1199 806 1084 157 465 108 323 434 #UTIL: 7617
151 1143 1199 806 1084 157 465 108 323 67 #UTIL: 7279
151 1143 1199 806 1084 157 465 108 323 67 434 #UTIL: 7989
151 1143 1199 806 1084 157 465 108 323 408 #UTIL: 7567
151 1143 1199 806 1084 157 465 108 323 408 434 #UTIL: 8277
151 1143 1199 806 1084 157 465 108 323 408 67 #UTIL: 7939
151 1143 1199 806 1084 157 465 108 323 408 67 434 #UTIL: 8649
151 1143 1199 806 1084 157 465 108 67 434 #UTIL: 7289
151 1143 1199 806 1084 157 465 108 408 434 #UTIL: 7577
151 1143 1199 806 1084 157 465 108 408 67 #UTIL: 7239
151 1143 1199 806 1084 157 465 108 408 67 434 #UTIL: 7949
151 1143 1199 806 1084 157 465 323 67 434 #UTIL: 7551
151 1143 1199 806 1084 157 465 323 408 434 #UTIL: 7839
151 1143 1199 806 1084 157 465 323 408 67 #UTIL: 7501
151 1143 1199 806 1084 157 465 323 408 67 434 #UTIL: 8211
151 1143 1199 806 1084 157 465 408 67 434 #UTIL: 7511
151 1143 1199 806 1084 157 1189 108 323 408 434 #UTIL: 7401
151 1143 1199 806 1084 157 1189 108 323 408 67 434 #UTIL: 7773
151 1143 1199 806 1084 157 1189 323 408 67 434 #UTIL: 7335
151 1143 1199 806 1084 157 810 1189 108 323 67 434 #UTIL: 7340
151 1143 1199 806 1084 157 810 1189 108 323 408 434 #UTIL: 7628
151 1143 1199 806 1084 157 810 1189 108 323 408 67 #UTIL: 7290
151 1143 1199 806 1084 157 810 1189 108 323 408 67 434 #UTIL: 8000
151 1143 1199 806 1084 157 810 1189 108 408 67 434 #UTIL: 7300
151 1143 1199 806 1084 157 810 1189 323 408 67 434 #UTIL: 7562
151 1143 1199 806 1084 157 810 108 323 408 434 #UTIL: 7324
151 1143 1199 806 1084 157 810 108 323 408 67 434 #UTIL: 7696
151 1143 1199 806 1084 157 810 323 408 67 434 #UTIL: 7258
151 1143 1199 806 1084 157 108 323 408 67 434 #UTIL: 7469
151 1143 1199 806 157 465 1189 108 323 434 #UTIL: 7373
151 1143 1199 806 157 465 1189 108 323 67 434 #UTIL: 7745
151 1143 1199 806 157 465 1189 108 323 408 #UTIL: 7323
151 1143 1199 806 157 465 1189 108 323 408 434 #UTIL: 8033
151 1143 1199 806 157 465 1189 108 323 408 67 #UTIL: 7695
151 1143 1199 806 157 465 1189 108 323 408 67 434 #UTIL: 8405
151 1143 1199 806 157 465 1189 108 408 434 #UTIL: 7333
151 1143 1199 806 157 465 1189 108 408 67 434 #UTIL: 7705
151 1143 1199 806 157 465 1189 323 67 434 #UTIL: 7307
151 1143 1199 806 157 465 1189 323 408 434 #UTIL: 7595
151 1143 1199 806 157 465 1189 323 408 67 #UTIL: 7257
151 1143 1199 806 157 465 1189 323 408 67 434 #UTIL: 7967
151 1143 1199 806 157 465 1189 408 67 434 #UTIL: 7267
151 1143 1199 806 157 465 810 1189 108 323 434 #UTIL: 7600
151 1143 1199 806 157 465 810 1189 108 323 67 #UTIL: 7262
151 1143 1199 806 157 465 810 1189 108 323 67 434 #UTIL: 7972
151 1143 1199 806 157 465 810 1189 108 323 408 #UTIL: 7550
151 1143 1199 806 157 465 810 1189 108 323 408 434 #UTIL: 8260
151 1143 1199 806 157 465 810 1189 108 323 408 67 #UTIL: 7922
151 1143 1199 806 157 465 810 1189 108 323 408 67 434 #UTIL: 8632
151 1143 1199 806 157 465 810 1189 108 67 434 #UTIL: 7272
151 1143 1199 806 157 465 810 1189 108 408 434 #UTIL: 7560
151 1143 1199 806 157 465 810 1189 108 408 67 #UTIL: 7222
151 1143 1199 806 157 465 810 1189 108 408 67 434 #UTIL: 7932
151 1143 1199 806 157 465 810 1189 323 67 434 #UTIL: 7534
151 1143 1199 806 157 465 810 1189 323 408 434 #UTIL: 7822
151 1143 1199 806 157 465 810 1189 323 408 67 #UTIL: 7484
151 1143 1199 806 157 465 810 1189 323 408 67 434 #UTIL: 8194
151 1143 1199 806 157 465 810 1189 408 67 434 #UTIL: 7494
151 1143 1199 806 157 465 810 108 323 434 #UTIL: 7296
151 1143 1199 806 157 465 810 108 323 67 434 #UTIL: 7668
151 1143 1199 806 157 465 810 108 323 408 #UTIL: 7246
151 1143 1199 806 157 465 810 108 323 408 434 #UTIL: 7956
151 1143 1199 806 157 465 810 108 323 408 67 #UTIL: 7618
151 1143 1199 806 157 465 810 108 323 408 67 434 #UTIL: 8328
151 1143 1199 806 157 465 810 108 408 434 #UTIL: 7256
151 1143 1199 806 157 465 810 108 408 67 434 #UTIL: 7628
151 1143 1199 806 157 465 810 323 67 434 #UTIL: 7230
151 1143 1199 806 157 465 810 323 408 434 #UTIL: 7518
151 1143 1199 806 157 465 810 323 408 67 434 #UTIL: 7890
151 1143 1199 806 157 465 108 323 67 434 #UTIL: 7441
151 1143 1199 806 157 465 108 323 408 434 #UTIL: 7729
151 1143 1199 806 157 465 108 323 408 67 #UTIL: 7391
151 1143 1199 806 157 465 108 323 408 67 434 #UTIL: 8101
151 1143 1199 806 157 465 108 408 67 434 #UTIL: 7401
151 1143 1199 806 157 465 323 408 434 #UTIL: 7291
151 1143 1199 806 157 465 323 408 67 434 #UTIL: 7663
151 1143 1199 806 157 1189 108 323 408 67 434 #UTIL: 7225
151 1143 1199 806 157 810 1189 108 323 408 67 434 #UTIL: 7452
151 1143 1084 157 465 1189 108 323 408 434 #UTIL: 7293
151 1143 1084 157 465 1189 108 323 408 67 434 #UTIL: 7665
151 1143 1084 157 465 1189 323 408 67 434 #UTIL: 7227
151 1143 1084 157 465 810 1189 108 323 67 434 #UTIL: 7232
151 1143 1084 157 465 810 1189 108 323 408 434 #UTIL: 7520
151 1143 1084 157 465 810 1189 108 323 408 67 434 #UTIL: 7892
151 1143 1084 157 465 810 1189 323 408 67 434 #UTIL: 7454
151 1143 1084 157 465 810 108 323 408 434 #UTIL: 7216
151 1143 1084 157 465 810 108 323 408 67 434 #UTIL: 7588
151 1143 1084 157 465 108 323 408 67 434 #UTIL: 7361
151 1143 157 465 810 1189 108 323 408 67 434 #UTIL: 7344
151 1143 806 1084 465 1189 108 323 408 67 434 #UTIL: 7300
151 1143 806 1084 465 810 1189 108 323 408 67 434 #UTIL: 7527
151 1143 806 1084 465 810 108 323 408 67 434 #UTIL: 7223
151 1143 806 1084 157 465 1189 108 323 67 434 #UTIL: 7525
151 1143 806 1084 157 465 1189 108 323 408 434 #UTIL: 7813
151 1143 806 1084 157 465 1189 108 323 408 67 #UTIL: 7475
151 1143 806 1084 157 465 1189 108 323 408 67 434 #UTIL: 8185
151 1143 806 1084 157 465 1189 108 408 67 434 #UTIL: 7485
151 1143 806 1084 157 465 1189 323 408 434 #UTIL: 7375
151 1143 806 1084 157 465 1189 323 408 67 434 #UTIL: 7747
151 1143 806 1084 157 465 810 1189 108 323 434 #UTIL: 7380
151 1143 806 1084 157 465 810 1189 108 323 67 434 #UTIL: 7752
151 1143 806 1084 157 465 810 1189 108 323 408 #UTIL: 7330
151 1143 806 1084 157 465 810 1189 108 323 408 434 #UTIL: 8040
151 1143 806 1084 157 465 810 1189 108 323 408 67 #UTIL: 7702
151 1143 806 1084 157 465 810 1189 108 323 408 67 434 #UTIL: 8412
151 1143 806 1084 157 465 810 1189 108 408 434 #UTIL: 7340
151 1143 806 1084 157 465 810 1189 108 408 67 434 #UTIL: 7712
151 1143 806 1084 157 465 810 1189 323 67 434 #UTIL: 7314
151 1143 806 1084 157 465 810 1189 323 408 434 #UTIL: 7602
151 1143 806 1084 157 465 810 1189 323 408 67 #UTIL: 7264
151 1143 806 1084 157 465 810 1189 323 408 67 434 #UTIL: 7974
151 1143 806 1084 157 465 810 1189 408 67 434 #UTIL: 7274
151 1143 806 1084 157 465 810 108 323 67 434 #UTIL: 7448
151 1143 806 1084 157 465 810 108 323 408 434 #UTIL: 7736
151 1143 806 1084 157 465 810 108 323 408 67 #UTIL: 7398
151 1143 806 1084 157 465 810 108 323 408 67 434 #UTIL: 8108
151 1143 806 1084 157 465 810 108 408 67 434 #UTIL: 7408
151 1143 806 1084 157 465 810 323 408 434 #UTIL: 7298
151 1143 806 1084 157 465 810 323 408 67 434 #UTIL: 7670
151 1143 806 1084 157 465 108 323 67 434 #UTIL: 7221
151 1143 806 1084 157 465 108 323 408 434 #UTIL: 7509
151 1143 806 1084 157 465 108 323 408 67 434 #UTIL: 7881
151 1143 806 1084 157 465 323 408 67 434 #UTIL: 7443
151 1143 806 1084 157 810 1189 108 323 408 67 434 #UTIL: 7232
151 1143 806 157 465 1189 108 323 408 434 #UTIL: 7265
151 1143 806 157 465 1189 108 323 408 67 434 #UTIL: 7637
151 1143 806 157 465 810 1189 108 323 408 434 #UTIL: 7492
151 1143 806 157 465 810 1189 108 323 408 67 434 #UTIL: 7864
151 1143 806 157 465 810 1189 323 408 67 434 #UTIL: 7426
151 1143 806 157 465 810 108 323 408 67 434 #UTIL: 7560
151 1143 806 157 465 108 323 408 67 434 #UTIL: 7333
151 1199 1084 157 465 1189 108 323 408 434 #UTIL: 7357
151 1199 1084 157 465 1189 108 323 408 67 434 #UTIL: 7729
151 1199 1084 157 465 1189 323 408 67 434 #UTIL: 7291
151 1199 1084 157 465 810 1189 108 323 67 434 #UTIL: 7296
151 1199 1084 157 465 810 1189 108 323 408 434 #UTIL: 7584
151 1199 1084 157 465 810 1189 108 323 408 67 #UTIL: 7246
151 1199 1084 157 465 810 1189 108 323 408 67 434 #UTIL: 7956
151 1199 1084 157 465 810 1189 108 408 67 434 #UTIL: 7256
151 1199 1084 157 465 810 1189 323 408 67 434 #UTIL: 7518
151 1199 1084 157 465 810 108 323 408 434 #UTIL: 7280
151 1199 1084 157 465 810 108 323 408 67 434 #UTIL: 7652
151 1199 1084 157 465 810 323 408 67 434 #UTIL: 7214
151 1199 1084 157 465 108 323 408 67 434 #UTIL: 7425
151 1199 157 465 810 1189 108 323 408 67 434 #UTIL: 7408
151 1199 806 1084 465 1189 108 323 408 67 434 #UTIL: 7364
151 1199 806 1084 465 810 1189 108 323 408 434 #UTIL: 7219
151 1199 806 1084 465 810 1189 108 323 408 67 434 #UTIL: 7591
151 1199 806 1084 465 810 108 323 408 67 434 #UTIL: 7287
151 1199 806 1084 157 465 1189 108 323 434 #UTIL: 7217
151 1199 806 1084 157 465 1189 108 323 67 434 #UTIL: 7589
151 1199 806 1084 157 465 1189 108 323 408 434 #UTIL: 7877
151 1199 806 1084 157 465 1189 108 323 408 67 #UTIL: 7539
151 1199 806 1084 157 465 1189 108 323 408 67 434 #UTIL: 8249
151 1199 806 1084 157 465 1189 108 408 67 434 #UTIL: 7549
151 1199 806 1084 157 465 1189 323 408 434 #UTIL: 7439
151 1199 806 1084 157 465 1189 323 408 67 434 #UTIL: 7811
151 1199 806 1084 157 465 810 1189 108 323 434 #UTIL: 7444
151 1199 806 1084 157 465 810 1189 108 323 67 434 #UTIL: 7816
151 1199 806 1084 157 465 810 1189 108 323 408 #UTIL: 7394
151 1199 806 1084 157 465 810 1189 108 323 408 434 #UTIL: 8104
151 1199 806 1084 157 465 810 1189 108 323 408 67 #UTIL: 7766
151 1199 806 1084 157 465 810 1189 108 323 408 67 434 #UTIL: 8476
151 1199 806 1084 157 465 810 1189 108 408 434 #UTIL: 7404
151 1199 806 1084 157 465 810 1189 108 408 67 434 #UTIL: 7776
151 1199 806 1084 157 465 810 1189 323 67 434 #UTIL: 7378
151 1199 806 1084 157 465 810 1189 323 408 434 #UTIL: 7666
151 1199 806 1084 157 465 810 1189 323 408 67 #UTIL: 7328
151 1199 806 1084 157 465 810 1189 323 408 67 434 #UTIL: 8038
151 1199 806 1084 157 465 810 1189 408 67 434 #UTIL: 7338
151 1199 806 1084 157 465 810 108 323 67 434 #UTIL: 7512
151 1199 806 1084 157 465 810 108 323 408 434 #UTIL: 7800
151 1199 806 1084 157 465 810 108 323 408 67 #UTIL: 7462
151 1199 806 1084 157 465 810 108 323 408 67 434 #UTIL: 8172
151 1199 806 1084 157 465 810 108 408 67 434 #UTIL: 7472
151 1199 806 1084 157 465 810 323 408 434 #UTIL: 7362
151 1199 806 1084 157 465 810 323 408 67 434 #UTIL: 7734
151 1199 806 1084 157 465 108 323 67 434 #UTIL: 7285
151 1199 806 1084 157 465 108 323 408 434 #UTIL: 7573
151 1199 806 1084 157 465 108 323 408 67 #UTIL: 7235
151 1199 806 1084 157 465 108 323 408 67 434 #UTIL: 7945
151 1199 806 1084 157 465 108 408 67 434 #UTIL: 7245
151 1199 806 1084 157 465 323 408 67 434 #UTIL: 7507
151 1199 806 1084 157 810 1189 108 323 408 67 434 #UTIL: 7296
151 1199 806 157 465 1189 108 323 408 434 #UTIL: 7329
151 1199 806 157 465 1189 108 323 408 67 434 #UTIL: 7701
151 1199 806 157 465 1189 323 408 67 434 #UTIL: 7263
151 1199 806 157 465 810 1189 108 323 67 434 #UTIL: 7268
151 1199 806 157 465 810 1189 108 323 408 434 #UTIL: 7556
151 1199 806 157 465 810 1189 108 323 408 67 #UTIL: 7218
151 1199 806 157 465 810 1189 108 323 408 67 434 #UTIL: 7928
151 1199 806 157 465 810 1189 108 408 67 434 #UTIL: 7228
151 1199 806 157 465 810 1189 323 408 67 434 #UTIL: 7490
151 1199 806 157 465 810 108 323 408 434 #UTIL: 7252
151 1199 806 157 465 810 108 323 408 67 434 #UTIL: 7624
151 1199 806 157 465 108 323 408 67 434 #UTIL: 7397
151 806 1084 157 465 1189 108 323 408 67 434 #UTIL: 7481
151 806 1084 157 465 810 1189 108 323 408 434 #UTIL: 7336
151 806 1084 157 465 810 1189 108 323 408 67 434 #UTIL: 7708
151 806 1084 157 465 810 1189 323 408 67 434 #UTIL: 7270
151 806 1084 157 465 810 108 323 408 67 434 #UTIL: 7404
150 #UTIL: 7245
81 886 1529 397 1136 154 1029 946 #UTIL: 8042
81 886 1529 397 1136 154 946 #UTIL: 7538
81 886 1529 397 1136 1029 946 #UTIL: 7258
81 886 1529 1136 154 1029 946 #UTIL: 7637
1440 #UTIL: 8149
1143 1199 1084 157 465 1189 108 323 408 67 434 #UTIL: 7269
1143 1199 1084 157 465 810 1189 108 323 408 67 434 #UTIL: 7496
1143 1199 806 1084 157 465 1189 108 323 408 434 #UTIL: 7417
1143 1199 806 1084 157 465 1189 108 323 408 67 434 #UTIL: 7789
1143 1199 806 1084 157 465 1189 323 408 67 434 #UTIL: 7351
1143 1199 806 1084 157 465 810 1189 108 323 67 434 #UTIL: 7356
1143 1199 806 1084 157 465 810 1189 108 323 408 434 #UTIL: 7644
1143 1199 806 1084 157 465 810 1189 108 323 408 67 #UTIL: 7306
1143 1199 806 1084 157 465 810 1189 108 323 408 67 434 #UTIL: 8016
1143 1199 806 1084 157 465 810 1189 108 408 67 434 #UTIL: 7316
1143 1199 806 1084 157 465 810 1189 323 408 67 434 #UTIL: 7578
1143 1199 806 1084 157 465 810 108 323 408 434 #UTIL: 7340
1143 1199 806 1084 157 465 810 108 323 408 67 434 #UTIL: 7712
1143 1199 806 1084 157 465 810 323 408 67 434 #UTIL: 7274
1143 1199 806 1084 157 465 108 323 408 67 434 #UTIL: 7485
1143 1199 806 157 465 1189 108 323 408 67 434 #UTIL: 7241
1143 1199 806 157 465 810 1189 108 323 408 67 434 #UTIL: 7468
1143 806 1084 157 465 810 1189 108 323 408 67 434 #UTIL: 7248
1128 #UTIL: 7569
971 #UTIL: 7410
955 #UTIL: 9192
875 #UTIL: 8600
796 1279 430 819 1472 #UTIL: 8220
796 1279 430 819 1472 1389 #UTIL: 9535
796 1279 430 819 1389 #UTIL: 8215
796 1279 430 1472 1389 #UTIL: 7319
796 1279 819 1472 1389 #UTIL: 8275
758 #UTIL: 7975
731 #UTIL: 9906
711 #UTIL: 7514
660 #UTIL: 8120
645 #UTIL: 8632
630 #UTIL: 7280
499 #UTIL: 8288
481 #UTIL: 7695
481 594 327 1342 620 773 1077 1096 321 617 1373 #UTIL: 7684
481 594 327 1342 620 773 1077 1096 321 1373 #UTIL: 7221
481 594 327 1342 620 1077 1096 321 617 1373 #UTIL: 7471
481 594 327 1342 773 1077 1096 321 617 1373 #UTIL: 7465
481 594 327 1342 1077 1096 321 617 1373 #UTIL: 7252
481 594 1342 620 773 1077 1096 321 617 1373 #UTIL: 7444
481 594 1342 620 1077 1096 321 617 1373 #UTIL: 7231
481 594 1342 773 1077 1096 321 617 1373 #UTIL: 7225
481 327 1342 620 773 1077 1096 321 617 1373 #UTIL: 7510
481 327 1342 620 1077 1096 321 617 1373 #UTIL: 7297
481 327 1342 773 1077 1096 321 617 1373 #UTIL: 7291
481 1342 620 773 1077 1096 321 617 1373 #UTIL: 7270
302 #UTIL: 7590
265 #UTIL: 9025
172 #UTIL: 8300
109 #UTIL: 11060
86 #UTIL: 7722
62 #UTIL: 9168
62 66 456 445 724 508 882 #UTIL: 7391
62 66 456 445 724 508 882 753 #UTIL: 7769
62 66 456 445 724 508 882 753 304 #UTIL: 8147
62 66 456 445 724 508 882 304 #UTIL: 7769
62 66 456 445 724 508 753 304 #UTIL: 7400
62 66 456 445 508 882 753 304 #UTIL: 7265
19 #UTIL: 8932
1471 678 1527 1481 163 79 1045 #UTIL: 7426
1457 #UTIL: 9018
1454 #UTIL: 8136
1424 #UTIL: 10948
1424 1227 478 1274 940 1550 1210 308 #UTIL: 7895
1424 1227 478 1274 940 1550 308 #UTIL: 7215
1424 1227 478 940 1550 1210 308 #UTIL: 7371
1395 #UTIL: 9145
1352 #UTIL: 7420
1322 #UTIL: 8640
1273 #UTIL: 8606
1236 #UTIL: 8964
1226 #UTIL: 9176
1199 #UTIL: 7936
1199 806 1084 157 465 810 1189 108 323 408 67 434 #UTIL: 7312
1169 #UTIL: 8344
1148 #UTIL: 8070
1060 #UTIL: 7462
1010 #UTIL: 7685
990 #UTIL: 8736
990 1227 491 #UTIL: 8215
979 #UTIL: 11340
880 #UTIL: 9855
799 #UTIL: 8804
746 #UTIL: 10347
672 #UTIL: 10020
648 #UTIL: 7888
638 #UTIL: 8815
539 #UTIL: 8602
450 #UTIL: 9099
396 #UTIL: 9720
331 #UTIL: 8207
309 #UTIL: 8688
269 #UTIL: 8520
263 #UTIL: 9880
263 1538 80 313 #UTIL: 8098
250 #UTIL: 7770
216 #UTIL: 10440
205 351 494 222 #UTIL: 7392
183 #UTIL: 7230
183 722 306 639 1354 1392 83 606 #UTIL: 7639
183 722 306 639 1354 83 606 #UTIL: 7390
146 #UTIL: 8426
84 #UTIL: 8149
71 #UTIL: 7449
4 #UTIL: 9464
4 229 406 395 639 508 1464 #UTIL: 7437
4 229 289 406 395 639 508 1464 #UTIL: 7985
4 229 289 406 395 639 1464 #UTIL: 7227
4 229 289 395 639 508 1464 #UTIL: 7329
4 940 104 640 #UTIL: 7566
1537 #UTIL: 8463
1533 #UTIL: 7250
1527 #UTIL: 9688
1525 #UTIL: 12969
1506 #UTIL: 9604
1475 #UTIL: 9968
1467 #UTIL: 12416
1447 #UTIL: 9176
1427 #UTIL: 10464
1403 #UTIL: 7564
1396 #UTIL: 7950
1385 #UTIL: 8640
1377 #UTIL: 7641
1369 #UTIL: 9802
1360 #UTIL: 7260
1342 #UTIL: 11936
1341 #UTIL: 10350
1331 #UTIL: 9316
1323 #UTIL: 8232
1311 #UTIL: 10626
1309 #UTIL: 10034
1299 #UTIL: 9102
1284 #UTIL: 8262
1231 #UTIL: 11130
1227 #UTIL: 8992
1206 #UTIL: 12004
1198 #UTIL: 10975
1194 #UTIL: 9273
1194 325 862 868 80 352 1161 225 #UTIL: 7720
1194 325 862 868 80 1161 225 #UTIL: 7452
1194 862 868 80 352 1161 225 #UTIL: 7418
1170 #UTIL: 8745
1115 #UTIL: 7750
1114 #UTIL: 11286
1091 #UTIL: 10680
1058 #UTIL: 8272
1034 #UTIL: 9603
1017 #UTIL: 10115
1005 #UTIL: 7946
997 #UTIL: 10524
987 #UTIL: 9065
982 #UTIL: 9216
982 1431 1281 988 #UTIL: 9540
982 1431 339 1281 988 #UTIL: 10520
982 1431 339 772 1281 #UTIL: 8462
982 1431 339 772 1281 988 #UTIL: 12072
982 1431 339 772 988 #UTIL: 9856
982 1431 339 988 #UTIL: 8304
982 1431 772 1281 #UTIL: 7482
982 1431 772 1281 988 #UTIL: 11092
982 1431 772 988 #UTIL: 8876
982 1431 988 #UTIL: 7324
982 1281 988 #UTIL: 8130
982 339 1281 988 #UTIL: 9110
982 339 772 1281 988 #UTIL: 10662
982 339 772 988 #UTIL: 8446
982 772 1281 988 #UTIL: 9682
982 772 988 #UTIL: 7466
972 #UTIL: 7359
970 #UTIL: 9952
935 #UTIL: 9240
892 #UTIL: 8463
892 1269 952 316 83 1398 #UTIL: 8106
892 1269 952 83 1398 #UTIL: 7713
843 #UTIL: 10584
806 #UTIL: 7800
802 #UTIL: 8073
777 #UTIL: 10416
768 #UTIL: 7726
755 #UTIL: 9238
722 #UTIL: 8773
717 #UTIL: 13328
708 #UTIL: 12512
678 #UTIL: 12546
675 #UTIL: 10770
641 #UTIL: 11144
612 #UTIL: 7378
551 #UTIL: 11235
525 #UTIL: 9405
517 #UTIL: 9516
476 #UTIL: 11284
462 #UTIL: 7208
461 #UTIL: 7888
444 #UTIL: 7770
439 #UTIL: 10850
432 #UTIL: 7520
432 415 968 1118 502 #UTIL: 8790
432 415 1118 502 #UTIL: 7894
372 #UTIL: 10746
372 1331 1254 1310 1493 #UTIL: 7239
372 1331 1254 1310 1493 728 #UTIL: 7617
372 1331 1254 1310 1493 528 #UTIL: 7623
372 1331 1254 1310 1493 528 728 #UTIL: 8001
244 #UTIL: 7560
237 #UTIL: 7769
221 #UTIL: 11712
197 #UTIL: 8730
193 #UTIL: 12510
193 936 1325 449 932 283 387 #UTIL: 7323
193 936 1325 449 932 170 283 #UTIL: 7560
193 936 1325 449 932 170 283 387 #UTIL: 8283
193 936 1325 449 170 283 387 #UTIL: 7488
193 936 449 932 170 283 #UTIL: 7274
193 936 449 932 170 283 387 #UTIL: 7997
184 #UTIL: 9855
99 #UTIL: 8260
77 #UTIL: 8680
72 #UTIL: 8768
65 #UTIL: 10904
42 #UTIL: 9306
1554 #UTIL: 8636
1505 #UTIL: 9350
1498 #UTIL: 7353
1495 #UTIL: 11832
1488 #UTIL: 7722
1477 #UTIL: 7830
1443 #UTIL: 7378
1429 #UTIL: 8880
1428 #UTIL: 11966
1421 #UTIL: 7952
1411 #UTIL: 7220
1381 #UTIL: 7595
1367 #UTIL: 11424
1365 727 1399 1426 #UTIL: 7632
1353 #UTIL: 8064
1349 #UTIL: 9276
1320 #UTIL: 8246
1313 #UTIL: 12152
1271 #UTIL: 12250
1270 #UTIL: 9684
1269 #UTIL: 13895
1248 #UTIL: 12653
1242 #UTIL: 7326
1239 #UTIL: 7290
1205 #UTIL: 7800
1196 #UTIL: 10220
1168 #UTIL: 12988
1157 #UTIL: 11088
1129 #UTIL: 8262
1101 #UTIL: 9432
1071 #UTIL: 9504
1066 #UTIL: 11271
1047 #UTIL: 11951
1026 #UTIL: 7242
1019 #UTIL: 13464
1019 17 576 726 104 67 1292 #UTIL: 7301
986 #UTIL: 13650
966 #UTIL: 8217
953 #UTIL: 8768
936 #UTIL: 10842
912 #UTIL: 8153
865 #UTIL: 9758
847 #UTIL: 13824
805 #UTIL: 9216
797 #UTIL: 8541
785 #UTIL: 7517
763 #UTIL: 8921
714 #UTIL: 10260
713 #UTIL: 13840
706 #UTIL: 10726
698 #UTIL: 9320
677 #UTIL: 9768
662 #UTIL: 7585
661 #UTIL: 8424
653 #UTIL: 10286
607 #UTIL: 9174
592 #UTIL: 7936
587 #UTIL: 10464
578 #UTIL: 8244
573 #UTIL: 10170
569 #UTIL: 11692
559 #UTIL: 13983
544 #UTIL: 10915
544 1184 1540 1081 1473 924 #UTIL: 7388
544 1107 1184 1540 1473 924 #UTIL: 7325
544 1107 1184 1540 1081 1473 924 #UTIL: 8198
537 #UTIL: 9010
535 #UTIL: 9940
533 #UTIL: 8228
498 #UTIL: 8155
478 #UTIL: 9312
478 407 950 1093 528 1426 382 #UTIL: 7326
467 #UTIL: 12192
466 #UTIL: 9994
465 #UTIL: 10030
405 #UTIL: 12177
388 #UTIL: 7990
358 #UTIL: 13125
354 #UTIL: 8100
303 #UTIL: 9030
295 #UTIL: 9672
279 #UTIL: 10998
252 #UTIL: 9756
241 #UTIL: 9894
233 #UTIL: 9102
229 #UTIL: 8697
196 #UTIL: 8645
160 #UTIL: 7668
157 #UTIL: 8555
142 #UTIL: 9044
141 #UTIL: 13362
138 #UTIL: 9180
123 #UTIL: 14976
117 #UTIL: 10175
68 #UTIL: 12104
66 #UTIL: 11352
66 456 445 724 508 882 753 304 #UTIL: 7383
58 #UTIL: 8778
25 1500 541 907 1389 #UTIL: 7375
25 930 1500 541 907 1389 #UTIL: 8559
25 930 1500 907 1389 #UTIL: 7431
7 #UTIL: 8352
1552 #UTIL: 9720
1539 #UTIL: 11456
1534 #UTIL: 10842
1529 #UTIL: 13407
1509 #UTIL: 11026
1491 #UTIL: 9030
1478 #UTIL: 9044
1450 #UTIL: 9141
1431 #UTIL: 10434
1431 1281 988 #UTIL: 7236
1431 339 1281 988 #UTIL: 8216
1431 339 772 1281 988 #UTIL: 9768
1431 339 772 988 #UTIL: 7552
1431 772 1281 988 #UTIL: 8788
1408 #UTIL: 9805
1383 #UTIL: 9583
1279 #UTIL: 11840
1279 430 819 1472 1389 #UTIL: 8479
1279 819 1472 1389 #UTIL: 7219
1277 #UTIL: 8890
1259 #UTIL: 7918
1245 #UTIL: 8116
1211 #UTIL: 14402
1209 #UTIL: 10530
1202 #UTIL: 16154
1179 #UTIL: 11046
1174 #UTIL: 8853
1159 #UTIL: 15498
1139 #UTIL: 10868
1138 #UTIL: 10004
1099 #UTIL: 13932
1073 #UTIL: 12765
1030 #UTIL: 10560
1015 #UTIL: 7227
975 #UTIL: 14288
957 #UTIL: 10395
952 #UTIL: 11931
950 #UTIL: 13533
942 #UTIL: 7722
930 1500 541 907 1389 #UTIL: 7629
899 #UTIL: 7296
886 #UTIL: 11818
861 #UTIL: 9065
851 #UTIL: 9030
848 #UTIL: 8357
842 #UTIL: 13120
803 #UTIL: 13338
792 #UTIL: 7668
780 #UTIL: 10792
778 #UTIL: 10608
736 #UTIL: 7242
676 #UTIL: 12824
668 #UTIL: 14933
659 #UTIL: 12519
657 #UTIL: 7632
656 #UTIL: 13475
647 #UTIL: 10138
589 #UTIL: 9805
585 #UTIL: 9374
574 #UTIL: 10680
572 #UTIL: 9530
570 #UTIL: 8856
550 #UTIL: 9360
534 #UTIL: 11491
519 #UTIL: 12606
484 #UTIL: 12376
455 #UTIL: 7224
415 #UTIL: 11640
407 #UTIL: 12198
351 #UTIL: 10207
341 #UTIL: 9418
330 #UTIL: 14726
306 #UTIL: 14652
288 #UTIL: 10582
277 #UTIL: 9881
261 #UTIL: 12844
251 #UTIL: 9272
242 #UTIL: 10101
214 #UTIL: 9306
188 #UTIL: 9030
164 #UTIL: 11286
163 #UTIL: 9282
155 #UTIL: 13335
152 #UTIL: 10115
145 #UTIL: 8172
143 #UTIL: 8118
136 #UTIL: 13932
131 #UTIL: 9120
50 #UTIL: 14220
46 #UTIL: 11008
28 #UTIL: 14076
17 #UTIL: 11063
16 #UTIL: 13788
13 #UTIL: 9540
1556 #UTIL: 10335
1555 #UTIL: 14160
1540 #UTIL: 14432
1500 #UTIL: 9640
1489 #UTIL: 7266
1483 #UTIL: 8520
1469 #UTIL: 8733
1435 #UTIL: 10336
1430 #UTIL: 13440
1402 #UTIL: 10360
1387 #UTIL: 14658
1366 #UTIL: 11311
1363 #UTIL: 9044
1346 #UTIL: 10105
1328 #UTIL: 10165
1290 #UTIL: 11235
1285 #UTIL: 8041
1251 #UTIL: 14320
1241 #UTIL: 12516
1208 #UTIL: 12341
1197 #UTIL: 13502
1184 #UTIL: 11928
1154 #UTIL: 7304
1152 #UTIL: 10520
1136 #UTIL: 15162
1117 #UTIL: 14560
1107 #UTIL: 9990
1088 #UTIL: 15604
1074 #UTIL: 11894
1062 #UTIL: 8330
1056 #UTIL: 11713
1049 #UTIL: 15327
1028 #UTIL: 8960
1006 #UTIL: 8988
999 #UTIL: 10027
940 #UTIL: 11360
933 #UTIL: 12844
914 #UTIL: 10578
913 #UTIL: 7476
868 #UTIL: 15392
862 #UTIL: 10101
853 #UTIL: 12804
834 #UTIL: 10656
800 #UTIL: 12706
798 #UTIL: 10569
789 #UTIL: 12670
783 #UTIL: 10127
776 #UTIL: 16338
739 #UTIL: 8568
726 #UTIL: 11877
721 #UTIL: 9485
695 #UTIL: 14432
548 #UTIL: 10433
546 #UTIL: 10842
532 #UTIL: 15867
521 #UTIL: 14155
516 #UTIL: 7770
512 #UTIL: 12056
494 #UTIL: 8106
487 #UTIL: 10400
479 #UTIL: 8385
456 #UTIL: 11214
421 #UTIL: 11210
419 #UTIL: 16065
416 #UTIL: 13944
413 #UTIL: 8100
394 #UTIL: 12520
375 #UTIL: 8931
366 #UTIL: 9676
362 #UTIL: 16674
356 #UTIL: 8496
344 #UTIL: 8661
332 #UTIL: 8619
312 #UTIL: 8520
311 #UTIL: 8600
285 #UTIL: 7626
275 #UTIL: 12099
273 #UTIL: 8284
227 #UTIL: 7722
223 #UTIL: 14036
218 #UTIL: 14448
191 #UTIL: 12054
186 #UTIL: 9366
125 #UTIL: 9737
100 #UTIL: 8580
78 #UTIL: 8103
53 #UTIL: 14801
9 #UTIL: 9922
1550 #UTIL: 8869
1538 #UTIL: 12912
1502 #UTIL: 11521
1493 #UTIL: 16632
1455 #UTIL: 10364
1417 #UTIL: 13357
1416 #UTIL: 12788
1374 #UTIL: 13872
1356 #UTIL: 7360
1345 #UTIL: 16927
1336 #UTIL: 14916
1324 #UTIL: 12578
1310 #UTIL: 19102
1306 #UTIL: 10127
1272 #UTIL: 12152
1267 #UTIL: 7520
1254 #UTIL: 14680
1247 #UTIL: 8064
1240 #UTIL: 10385
1222 #UTIL: 9555
1213 #UTIL: 12301
1200 #UTIL: 8415
1142 #UTIL: 11800
1119 #UTIL: 13314
1116 #UTIL: 11377
1096 #UTIL: 9984
1086 #UTIL: 10365
1080 #UTIL: 10074
1077 #UTIL: 15455
1076 #UTIL: 14580
1070 #UTIL: 13689
1068 #UTIL: 8229
1063 #UTIL: 14303
991 #UTIL: 13650
980 #UTIL: 7740
915 #UTIL: 12341
898 #UTIL: 7308
884 #UTIL: 12480
883 #UTIL: 13041
835 #UTIL: 15356
819 #UTIL: 11634
811 #UTIL: 14256
744 #UTIL: 14467
730 #UTIL: 8084
727 #UTIL: 7640
727 1399 1426 #UTIL: 7208
724 #UTIL: 13230
712 #UTIL: 17028
691 #UTIL: 11685
673 #UTIL: 11782
667 #UTIL: 10906
639 #UTIL: 15415
624 #UTIL: 10824
619 #UTIL: 10575
568 #UTIL: 12654
556 #UTIL: 13975
555 #UTIL: 12960
554 #UTIL: 14130
541 #UTIL: 8272
526 #UTIL: 11700
503 #UTIL: 8742
493 #UTIL: 12408
491 #UTIL: 14742
488 #UTIL: 10101
464 #UTIL: 14952
452 #UTIL: 11904
449 #UTIL: 15867
445 #UTIL: 14878
433 #UTIL: 7829
430 #UTIL: 8280
418 #UTIL: 14536
417 #UTIL: 11424
409 #UTIL: 18768
395 #UTIL: 9324
379 #UTIL: 15785
369 #UTIL: 8961
363 #UTIL: 8008
346 #UTIL: 9752
329 #UTIL: 7307
324 #UTIL: 7289
323 #UTIL: 15400
322 #UTIL: 13112
320 #UTIL: 16947
305 #UTIL: 14238
271 #UTIL: 10902
190 #UTIL: 14960
137 #UTIL: 17020
130 #UTIL: 9366
121 #UTIL: 11920
108 #UTIL: 9417
105 #UTIL: 13020
104 #UTIL: 15171
102 #UTIL: 11270
82 #UTIL: 12150
63 #UTIL: 12390
54 #UTIL: 12889
44 #UTIL: 12298
22 #UTIL: 10763
1543 #UTIL: 10912
1516 #UTIL: 15792
1470 #UTIL: 11327
1465 #UTIL: 11430
1463 #UTIL: 8514
1453 #UTIL: 14928
1375 #UTIL: 8733
1372 #UTIL: 11205
1361 #UTIL: 7240
1357 #UTIL: 11653
1343 #UTIL: 11767
1252 #UTIL: 11391
1250 #UTIL: 10368
1237 #UTIL: 13750
1204 #UTIL: 10152
1165 #UTIL: 12690
1150 #UTIL: 15631
1121 #UTIL: 17802
1118 #UTIL: 13178
1094 #UTIL: 18473
1093 #UTIL: 15174
1089 #UTIL: 10621
1082 #UTIL: 8404
1061 #UTIL: 8466
1029 #UTIL: 8736
1002 #UTIL: 11308
969 #UTIL: 7920
951 #UTIL: 9457
943 #UTIL: 10621
941 #UTIL: 18565
919 #UTIL: 7392
907 #UTIL: 17100
896 #UTIL: 14199
881 #UTIL: 8507
877 #UTIL: 8374
863 #UTIL: 14006
860 #UTIL: 10296
856 #UTIL: 10755
832 #UTIL: 15552
825 #UTIL: 12452
823 #UTIL: 15435
816 #UTIL: 10992
812 #UTIL: 14696
774 #UTIL: 12005
742 #UTIL: 12350
718 #UTIL: 9741
703 #UTIL: 13959
702 #UTIL: 18048
609 #UTIL: 13986
600 #UTIL: 9471
577 #UTIL: 11004
547 #UTIL: 9702
530 #UTIL: 16168
529 #UTIL: 10074
508 #UTIL: 17055
506 #UTIL: 16192
474 #UTIL: 16192
442 #UTIL: 9184
414 #UTIL: 12188
389 #UTIL: 8771
376 #UTIL: 9988
373 #UTIL: 12138
365 #UTIL: 17424
339 772 1281 988 #UTIL: 8358
234 #UTIL: 12690
189 #UTIL: 16215
154 #UTIL: 9016
153 #UTIL: 14144
149 #UTIL: 11952
80 #UTIL: 17060
73 #UTIL: 11184
55 #UTIL: 15750
8 #UTIL: 12691
1526 #UTIL: 8085
1473 #UTIL: 13452
1456 #UTIL: 8784
1451 #UTIL: 7614
1432 #UTIL: 9180
1398 #UTIL: 17002
1394 #UTIL: 10870
1386 #UTIL: 7544
1384 #UTIL: 12593
1338 #UTIL: 10656
1282 #UTIL: 18232
1281 #UTIL: 14404
1278 #UTIL: 14382
1264 #UTIL: 11985
1257 #UTIL: 9505
1217 #UTIL: 7239
1210 #UTIL: 9681
1180 #UTIL: 19890
1177 #UTIL: 7700
1081 #UTIL: 15423
992 #UTIL: 9486
963 #UTIL: 12000
962 #UTIL: 8602
937 #UTIL: 19133
932 #UTIL: 8262
922 #UTIL: 12950
890 #UTIL: 12789
889 #UTIL: 8211
882 #UTIL: 12201
844 #UTIL: 15888
824 #UTIL: 10550
772 #UTIL: 9894
772 1281 988 #UTIL: 7378
749 #UTIL: 11748
640 #UTIL: 13209
614 #UTIL: 18522
610 #UTIL: 11577
606 #UTIL: 12720
584 #UTIL: 12173
580 #UTIL: 12532
575 #UTIL: 13769
522 #UTIL: 8140
520 #UTIL: 14840
468 #UTIL: 8352
446 #UTIL: 20625
422 #UTIL: 17616
408 #UTIL: 11000
300 #UTIL: 14700
276 #UTIL: 18528
274 #UTIL: 16456
270 #UTIL: 11424
249 #UTIL: 8421
235 #UTIL: 17395
219 #UTIL: 11844
200 #UTIL: 12190
111 #UTIL: 17052
83 #UTIL: 20563
11 #UTIL: 16497
1547 #UTIL: 12614
1497 #UTIL: 19406
1439 #UTIL: 8400
1380 #UTIL: 19548
1368 #UTIL: 19525
1351 #UTIL: 9352
1340 #UTIL: 13107
1160 #UTIL: 14344
1146 #UTIL: 13878
1048 #UTIL: 11713
1045 #UTIL: 21090
1007 #UTIL: 13166
1001 #UTIL: 12852
946 #UTIL: 13965
924 #UTIL: 14850
891 #UTIL: 12844
878 #UTIL: 9724
756 #UTIL: 13393
753 #UTIL: 8882
751 #UTIL: 11607
650 #UTIL: 8370
634 #UTIL: 11881
599 #UTIL: 12519
502 #UTIL: 16801
489 #UTIL: 13014
434 #UTIL: 7384
387 #UTIL: 13014
386 #UTIL: 10927
377 #UTIL: 10290
321 #UTIL: 12291
307 #UTIL: 7400
283 #UTIL: 15288
247 #UTIL: 9256
236 #UTIL: 9412
231 #UTIL: 14575
175 #UTIL: 19635
170 #UTIL: 14720
67 #UTIL: 10416
49 #UTIL: 17238
20 #UTIL: 14178
1518 #UTIL: 20416
1508 #UTIL: 19116
1464 #UTIL: 14800
1444 #UTIL: 11088
1399 #UTIL: 10324
1362 #UTIL: 8046
1348 #UTIL: 14326
1315 #UTIL: 9612
1308 #UTIL: 12642
1296 #UTIL: 14548
1291 #UTIL: 12642
1220 #UTIL: 11700
1161 #UTIL: 21540
1104 #UTIL: 13965
988 #UTIL: 24187
685 #UTIL: 9333
497 #UTIL: 10472
492 #UTIL: 9381
435 #UTIL: 14433
326 #UTIL: 13091
313 #UTIL: 16245
308 #UTIL: 11554
281 #UTIL: 14465
278 #UTIL: 18480
222 #UTIL: 22910
69 #UTIL: 16430
30 #UTIL: 8319
24 #UTIL: 10726
1472 #UTIL: 12760
1426 #UTIL: 21692
1423 #UTIL: 16116
1293 #UTIL: 8352
918 #UTIL: 18414
916 #UTIL: 15163
903 #UTIL: 14616
831 #UTIL: 8848
813 #UTIL: 7967
728 #UTIL: 11528
470 #UTIL: 18259
448 #UTIL: 9086
383 #UTIL: 14300
272 #UTIL: 22678
260 #UTIL: 11592
246 #UTIL: 17655
225 #UTIL: 22951
179 #UTIL: 17875
27 #UTIL: 16165
1347 #UTIL: 9912
625 #UTIL: 9821
617 #UTIL: 7527
545 #UTIL: 9419
447 #UTIL: 17856
357 #UTIL: 11520
266 #UTIL: 10692
1442 #UTIL: 10332
1390 #UTIL: 12415
1389 #UTIL: 15254
1110 #UTIL: 17920
391 #UTIL: 8777
602 #UTIL: 13696
382 #UTIL: 10044
1292 #UTIL: 24642
1012 #UTIL: 19861
304 #UTIL: 13607
1373 #UTIL: 25560
