764 #UTIL: 7620
552 432 415 502 968 #UTIL: 7527
552 432 415 502 968 1118 #UTIL: 9285
552 432 415 502 1118 #UTIL: 8389
552 432 502 968 1118 #UTIL: 7248
552 415 502 968 1118 #UTIL: 7405
1178 #UTIL: 7938
664 594 327 481 620 1342 773 1096 617 1077 321 #UTIL: 7300
664 594 327 481 620 1342 773 1096 617 1077 321 1373 #UTIL: 8380
664 594 327 481 620 1342 773 1096 617 1077 1373 #UTIL: 7416
664 594 327 481 620 1342 773 1096 1077 321 1373 #UTIL: 7917
664 594 327 481 620 1342 773 617 1077 321 1373 #UTIL: 7868
664 594 327 481 620 1342 773 1077 321 1373 #UTIL: 7405
664 594 327 481 620 1342 1096 617 1077 321 1373 #UTIL: 8167
664 594 327 481 620 1342 1096 1077 321 1373 #UTIL: 7704
664 594 327 481 620 1342 617 1077 321 1373 #UTIL: 7655
664 594 327 481 1342 773 1096 617 1077 321 1373 #UTIL: 8161
664 594 327 481 1342 773 1096 1077 321 1373 #UTIL: 7698
664 594 327 481 1342 773 617 1077 321 1373 #UTIL: 7649
664 594 327 481 1342 1096 617 1077 321 1373 #UTIL: 7948
664 594 327 481 1342 1096 1077 321 1373 #UTIL: 7485
664 594 327 481 1342 617 1077 321 1373 #UTIL: 7436
664 594 327 620 1342 773 1096 617 1077 321 1373 #UTIL: 7525
664 594 327 620 1342 1096 617 1077 321 1373 #UTIL: 7312
664 594 327 1342 773 1096 617 1077 321 1373 #UTIL: 7306
664 594 481 620 1342 773 1096 617 1077 321 1373 #UTIL: 8140
664 594 481 620 1342 773 1096 1077 321 1373 #UTIL: 7677
664 594 481 620 1342 773 617 1077 321 1373 #UTIL: 7628
664 594 481 620 1342 1096 617 1077 321 1373 #UTIL: 7927
664 594 481 620 1342 1096 1077 321 1373 #UTIL: 7464
664 594 481 620 1342 617 1077 321 1373 #UTIL: 7415
664 594 481 1342 773 1096 617 1077 321 1373 #UTIL: 7921
664 594 481 1342 773 1096 1077 321 1373 #UTIL: 7458
664 594 481 1342 773 617 1077 321 1373 #UTIL: 7409
664 594 481 1342 1096 617 1077 321 1373 #UTIL: 7708
664 594 481 1342 1096 1077 321 1373 #UTIL: 7245
664 594 620 1342 773 1096 617 1077 321 1373 #UTIL: 7285
664 327 481 620 1342 773 1096 617 1077 321 1373 #UTIL: 8206
664 327 481 620 1342 773 1096 617 1077 1373 #UTIL: 7242
664 327 481 620 1342 773 1096 1077 321 1373 #UTIL: 7743
664 327 481 620 1342 773 617 1077 321 1373 #UTIL: 7694
664 327 481 620 1342 773 1077 321 1373 #UTIL: 7231
664 327 481 620 1342 1096 617 1077 321 1373 #UTIL: 7993
664 327 481 620 1342 1096 1077 321 1373 #UTIL: 7530
664 327 481 620 1342 617 1077 321 1373 #UTIL: 7481
664 327 481 1342 773 1096 617 1077 321 1373 #UTIL: 7987
664 327 481 1342 773 1096 1077 321 1373 #UTIL: 7524
664 327 481 1342 773 617 1077 321 1373 #UTIL: 7475
664 327 481 1342 1096 617 1077 321 1373 #UTIL: 7774
664 327 481 1342 1096 1077 321 1373 #UTIL: 7311
664 327 481 1342 617 1077 321 1373 #UTIL: 7262
664 327 620 1342 773 1096 617 1077 321 1373 #UTIL: 7351
664 481 620 1342 773 1096 617 1077 321 1373 #UTIL: 7966
664 481 620 1342 773 1096 1077 321 1373 #UTIL: 7503
664 481 620 1342 773 617 1077 321 1373 #UTIL: 7454
664 481 620 1342 1096 617 1077 321 1373 #UTIL: 7753
664 481 620 1342 1096 1077 321 1373 #UTIL: 7290
664 481 620 1342 617 1077 321 1373 #UTIL: 7241
664 481 1342 773 1096 617 1077 321 1373 #UTIL: 7747
664 481 1342 773 1096 1077 321 1373 #UTIL: 7284
664 481 1342 773 617 1077 321 1373 #UTIL: 7235
664 481 1342 1096 617 1077 321 1373 #UTIL: 7534
630 #UTIL: 7280
1201 #UTIL: 8425
1452 #UTIL: 7514
150 #UTIL: 7245
1000 291 1294 341 851 8 844 378 #UTIL: 7360
81 397 886 1529 154 1136 1029 946 #UTIL: 8042
81 397 886 1529 154 1136 946 #UTIL: 7538
81 397 886 1529 1136 1029 946 #UTIL: 7258
81 886 1529 154 1136 1029 946 #UTIL: 7637
390 407 950 478 382 1093 528 #UTIL: 7326
390 407 950 478 382 1093 528 1426 #UTIL: 8822
390 407 950 478 382 1093 1426 #UTIL: 8438
390 407 950 478 382 528 1426 #UTIL: 7698
390 407 950 478 382 1426 #UTIL: 7314
390 407 950 478 1093 528 1426 #UTIL: 8336
390 407 950 478 1093 1426 #UTIL: 7952
390 407 950 478 528 1426 #UTIL: 7212
390 407 950 382 1093 528 1426 #UTIL: 7658
390 407 950 382 1093 1426 #UTIL: 7274
390 407 478 382 1093 528 1426 #UTIL: 7434
390 950 478 382 1093 528 1426 #UTIL: 7538
148 204 980 824 271 1180 387 225 #UTIL: 7370
758 #UTIL: 7975
367 #UTIL: 8027
1112 #UTIL: 7518
746 #UTIL: 10347
77 #UTIL: 8680
1011 #UTIL: 7608
1010 #UTIL: 7685
1395 #UTIL: 9145
638 #UTIL: 8815
302 #UTIL: 7590
1186 1446 244 1024 1236 237 287 414 404 1512 94 1436 271 #UTIL: 7483
1186 1446 244 1024 1236 237 287 414 404 1512 94 1436 271 1340 #UTIL: 8511
1186 1446 244 1024 1236 237 287 414 404 1512 94 1436 1340 #UTIL: 8037
1186 1446 244 1024 1236 237 287 414 404 1512 94 271 #UTIL: 7207
1186 1446 244 1024 1236 237 287 414 404 1512 94 271 1340 #UTIL: 8235
1186 1446 244 1024 1236 237 287 414 404 1512 94 1340 #UTIL: 7761
1186 1446 244 1024 1236 237 287 414 404 1512 1436 271 #UTIL: 7359
1186 1446 244 1024 1236 237 287 414 404 1512 1436 271 1340 #UTIL: 8387
1186 1446 244 1024 1236 237 287 414 404 1512 1436 1340 #UTIL: 7913
1186 1446 244 1024 1236 237 287 414 404 1512 271 1340 #UTIL: 8111
1186 1446 244 1024 1236 237 287 414 404 1512 1340 #UTIL: 7637
1186 1446 244 1024 1236 237 287 414 404 94 1436 271 #UTIL: 7321
1186 1446 244 1024 1236 237 287 414 404 94 1436 271 1340 #UTIL: 8349
1186 1446 244 1024 1236 237 287 414 404 94 1436 1340 #UTIL: 7875
1186 1446 244 1024 1236 237 287 414 404 94 271 1340 #UTIL: 8073
1186 1446 244 1024 1236 237 287 414 404 94 1340 #UTIL: 7599
1186 1446 244 1024 1236 237 287 414 404 1436 271 1340 #UTIL: 8225
1186 1446 244 1024 1236 237 287 414 404 1436 1340 #UTIL: 7751
1186 1446 244 1024 1236 237 287 414 404 271 1340 #UTIL: 7949
1186 1446 244 1024 1236 237 287 414 404 1340 #UTIL: 7475
1186 1446 244 1024 1236 237 287 414 1512 94 1436 271 1340 #UTIL: 8011
1186 1446 244 1024 1236 237 287 414 1512 94 1436 1340 #UTIL: 7537
1186 1446 244 1024 1236 237 287 414 1512 94 271 1340 #UTIL: 7735
1186 1446 244 1024 1236 237 287 414 1512 94 1340 #UTIL: 7261
1186 1446 244 1024 1236 237 287 414 1512 1436 271 1340 #UTIL: 7887
1186 1446 244 1024 1236 237 287 414 1512 1436 1340 #UTIL: 7413
1186 1446 244 1024 1236 237 287 414 1512 271 1340 #UTIL: 7611
1186 1446 244 1024 1236 237 287 414 94 1436 271 1340 #UTIL: 7849
1186 1446 244 1024 1236 237 287 414 94 1436 1340 #UTIL: 7375
1186 1446 244 1024 1236 237 287 414 94 271 1340 #UTIL: 7573
1186 1446 244 1024 1236 237 287 414 1436 271 1340 #UTIL: 7725
1186 1446 244 1024 1236 237 287 414 1436 1340 #UTIL: 7251
1186 1446 244 1024 1236 237 287 414 271 1340 #UTIL: 7449
1186 1446 244 1024 1236 237 287 404 1512 94 1436 271 1340 #UTIL: 7680
1186 1446 244 1024 1236 237 287 404 1512 94 271 1340 #UTIL: 7404
1186 1446 244 1024 1236 237 287 404 1512 1436 271 1340 #UTIL: 7556
1186 1446 244 1024 1236 237 287 404 1512 271 1340 #UTIL: 7280
1186 1446 244 1024 1236 237 287 404 94 1436 271 1340 #UTIL: 7518
1186 1446 244 1024 1236 237 287 404 94 271 1340 #UTIL: 7242
1186 1446 244 1024 1236 237 287 404 1436 271 1340 #UTIL: 7394
1186 1446 244 1024 1236 237 414 404 1512 94 1436 271 1340 #UTIL: 8199
1186 1446 244 1024 1236 237 414 404 1512 94 1436 1340 #UTIL: 7725
1186 1446 244 1024 1236 237 414 404 1512 94 271 1340 #UTIL: 7923
1186 1446 244 1024 1236 237 414 404 1512 94 1340 #UTIL: 7449
1186 1446 244 1024 1236 237 414 404 1512 1436 271 1340 #UTIL: 8075
1186 1446 244 1024 1236 237 414 404 1512 1436 1340 #UTIL: 7601
1186 1446 244 1024 1236 237 414 404 1512 271 1340 #UTIL: 7799
1186 1446 244 1024 1236 237 414 404 1512 1340 #UTIL: 7325
1186 1446 244 1024 1236 237 414 404 94 1436 271 1340 #UTIL: 8037
1186 1446 244 1024 1236 237 414 404 94 1436 1340 #UTIL: 7563
1186 1446 244 1024 1236 237 414 404 94 271 1340 #UTIL: 7761
1186 1446 244 1024 1236 237 414 404 94 1340 #UTIL: 7287
1186 1446 244 1024 1236 237 414 404 1436 271 1340 #UTIL: 7913
1186 1446 244 1024 1236 237 414 404 1436 1340 #UTIL: 7439
1186 1446 244 1024 1236 237 414 404 271 1340 #UTIL: 7637
1186 1446 244 1024 1236 237 414 1512 94 1436 271 1340 #UTIL: 7699
1186 1446 244 1024 1236 237 414 1512 94 1436 1340 #UTIL: 7225
1186 1446 244 1024 1236 237 414 1512 94 271 1340 #UTIL: 7423
1186 1446 244 1024 1236 237 414 1512 1436 271 1340 #UTIL: 7575
1186 1446 244 1024 1236 237 414 1512 271 1340 #UTIL: 7299
1186 1446 244 1024 1236 237 414 94 1436 271 1340 #UTIL: 7537
1186 1446 244 1024 1236 237 414 94 271 1340 #UTIL: 7261
1186 1446 244 1024 1236 237 414 1436 271 1340 #UTIL: 7413
1186 1446 244 1024 1236 237 404 1512 94 1436 271 1340 #UTIL: 7368
1186 1446 244 1024 1236 237 404 1512 1436 271 1340 #UTIL: 7244
1186 1446 244 1024 1236 287 414 404 1512 94 1436 271 1340 #UTIL: 7975
1186 1446 244 1024 1236 287 414 404 1512 94 1436 1340 #UTIL: 7501
1186 1446 244 1024 1236 287 414 404 1512 94 271 1340 #UTIL: 7699
1186 1446 244 1024 1236 287 414 404 1512 94 1340 #UTIL: 7225
1186 1446 244 1024 1236 287 414 404 1512 1436 271 1340 #UTIL: 7851
1186 1446 244 1024 1236 287 414 404 1512 1436 1340 #UTIL: 7377
1186 1446 244 1024 1236 287 414 404 1512 271 1340 #UTIL: 7575
1186 1446 244 1024 1236 287 414 404 94 1436 271 1340 #UTIL: 7813
1186 1446 244 1024 1236 287 414 404 94 1436 1340 #UTIL: 7339
1186 1446 244 1024 1236 287 414 404 94 271 1340 #UTIL: 7537
1186 1446 244 1024 1236 287 414 404 1436 271 1340 #UTIL: 7689
1186 1446 244 1024 1236 287 414 404 1436 1340 #UTIL: 7215
1186 1446 244 1024 1236 287 414 404 271 1340 #UTIL: 7413
1186 1446 244 1024 1236 287 414 1512 94 1436 271 1340 #UTIL: 7475
1186 1446 244 1024 1236 287 414 1512 1436 271 1340 #UTIL: 7351
1186 1446 244 1024 1236 287 414 94 1436 271 1340 #UTIL: 7313
1186 1446 244 1024 1236 414 404 1512 94 1436 271 1340 #UTIL: 7663
1186 1446 244 1024 1236 414 404 1512 94 271 1340 #UTIL: 7387
1186 1446 244 1024 1236 414 404 1512 1436 271 1340 #UTIL: 7539
1186 1446 244 1024 1236 414 404 1512 271 1340 #UTIL: 7263
1186 1446 244 1024 1236 414 404 94 1436 271 1340 #UTIL: 7501
1186 1446 244 1024 1236 414 404 94 271 1340 #UTIL: 7225
1186 1446 244 1024 1236 414 404 1436 271 1340 #UTIL: 7377
1186 1446 244 1024 237 287 414 404 1512 94 1436 271 1340 #UTIL: 7515
1186 1446 244 1024 237 287 414 404 1512 94 271 1340 #UTIL: 7239
1186 1446 244 1024 237 287 414 404 1512 1436 271 1340 #UTIL: 7391
1186 1446 244 1024 237 287 414 404 94 1436 271 1340 #UTIL: 7353
1186 1446 244 1024 237 287 414 404 1436 271 1340 #UTIL: 7229
1186 1446 1024 1236 237 287 414 404 1512 94 1436 271 1340 #UTIL: 7701
1186 1446 1024 1236 237 287 414 404 1512 94 1436 1340 #UTIL: 7227
1186 1446 1024 1236 237 287 414 404 1512 94 271 1340 #UTIL: 7425
1186 1446 1024 1236 237 287 414 404 1512 1436 271 1340 #UTIL: 7577
1186 1446 1024 1236 237 287 414 404 1512 271 1340 #UTIL: 7301
1186 1446 1024 1236 237 287 414 404 94 1436 271 1340 #UTIL: 7539
1186 1446 1024 1236 237 287 414 404 94 271 1340 #UTIL: 7263
1186 1446 1024 1236 237 287 414 404 1436 271 1340 #UTIL: 7415
1186 1446 1024 1236 237 414 404 1512 94 1436 271 1340 #UTIL: 7389
1186 1446 1024 1236 237 414 404 1512 1436 271 1340 #UTIL: 7265
1186 1446 1024 1236 237 414 404 94 1436 271 1340 #UTIL: 7227
1186 244 1024 1236 237 287 414 404 1512 94 1436 271 1340 #UTIL: 8133
1186 244 1024 1236 237 287 414 404 1512 94 1436 1340 #UTIL: 7659
1186 244 1024 1236 237 287 414 404 1512 94 271 1340 #UTIL: 7857
1186 244 1024 1236 237 287 414 404 1512 94 1340 #UTIL: 7383
1186 244 1024 1236 237 287 414 404 1512 1436 271 1340 #UTIL: 8009
1186 244 1024 1236 237 287 414 404 1512 1436 1340 #UTIL: 7535
1186 244 1024 1236 237 287 414 404 1512 271 1340 #UTIL: 7733
1186 244 1024 1236 237 287 414 404 1512 1340 #UTIL: 7259
1186 244 1024 1236 237 287 414 404 94 1436 271 1340 #UTIL: 7971
1186 244 1024 1236 237 287 414 404 94 1436 1340 #UTIL: 7497
1186 244 1024 1236 237 287 414 404 94 271 1340 #UTIL: 7695
1186 244 1024 1236 237 287 414 404 94 1340 #UTIL: 7221
1186 244 1024 1236 237 287 414 404 1436 271 1340 #UTIL: 7847
1186 244 1024 1236 237 287 414 404 1436 1340 #UTIL: 7373
1186 244 1024 1236 237 287 414 404 271 1340 #UTIL: 7571
1186 244 1024 1236 237 287 414 1512 94 1436 271 1340 #UTIL: 7633
1186 244 1024 1236 237 287 414 1512 94 271 1340 #UTIL: 7357
1186 244 1024 1236 237 287 414 1512 1436 271 1340 #UTIL: 7509
1186 244 1024 1236 237 287 414 1512 271 1340 #UTIL: 7233
1186 244 1024 1236 237 287 414 94 1436 271 1340 #UTIL: 7471
1186 244 1024 1236 237 287 414 1436 271 1340 #UTIL: 7347
1186 244 1024 1236 237 287 404 1512 94 1436 271 1340 #UTIL: 7302
1186 244 1024 1236 237 414 404 1512 94 1436 271 1340 #UTIL: 7821
1186 244 1024 1236 237 414 404 1512 94 1436 1340 #UTIL: 7347
1186 244 1024 1236 237 414 404 1512 94 271 1340 #UTIL: 7545
1186 244 1024 1236 237 414 404 1512 1436 271 1340 #UTIL: 7697
1186 244 1024 1236 237 414 404 1512 1436 1340 #UTIL: 7223
1186 244 1024 1236 237 414 404 1512 271 1340 #UTIL: 7421
1186 244 1024 1236 237 414 404 94 1436 271 1340 #UTIL: 7659
1186 244 1024 1236 237 414 404 94 271 1340 #UTIL: 7383
1186 244 1024 1236 237 414 404 1436 271 1340 #UTIL: 7535
1186 244 1024 1236 237 414 404 271 1340 #UTIL: 7259
1186 244 1024 1236 237 414 1512 94 1436 271 1340 #UTIL: 7321
1186 244 1024 1236 287 414 404 1512 94 1436 271 1340 #UTIL: 7597
1186 244 1024 1236 287 414 404 1512 94 271 1340 #UTIL: 7321
1186 244 1024 1236 287 414 404 1512 1436 271 1340 #UTIL: 7473
1186 244 1024 1236 287 414 404 94 1436 271 1340 #UTIL: 7435
1186 244 1024 1236 287 414 404 1436 271 1340 #UTIL: 7311
1186 244 1024 1236 414 404 1512 94 1436 271 1340 #UTIL: 7285
1186 1024 1236 237 287 414 404 1512 94 1436 271 1340 #UTIL: 7323
711 #UTIL: 7514
1060 #UTIL: 7462
594 327 481 620 1342 773 1096 617 1077 321 1373 #UTIL: 7684
594 327 481 620 1342 773 1096 1077 321 1373 #UTIL: 7221
594 327 481 620 1342 1096 617 1077 321 1373 #UTIL: 7471
594 327 481 1342 773 1096 617 1077 321 1373 #UTIL: 7465
594 327 481 1342 1096 617 1077 321 1373 #UTIL: 7252
594 481 620 1342 773 1096 617 1077 321 1373 #UTIL: 7444
594 481 620 1342 1096 617 1077 321 1373 #UTIL: 7231
594 481 1342 773 1096 617 1077 321 1373 #UTIL: 7225
971 #UTIL: 7410
1448 #UTIL: 9456
955 #UTIL: 9192
645 #UTIL: 8632
151 1143 465 1189 1199 1084 157 806 810 434 108 #UTIL: 7448
151 1143 465 1189 1199 1084 157 806 810 434 108 323 #UTIL: 8148
151 1143 465 1189 1199 1084 157 806 810 434 108 323 67 #UTIL: 8520
151 1143 465 1189 1199 1084 157 806 810 434 108 323 67 408 #UTIL: 9180
151 1143 465 1189 1199 1084 157 806 810 434 108 323 408 #UTIL: 8808
151 1143 465 1189 1199 1084 157 806 810 434 108 67 #UTIL: 7820
151 1143 465 1189 1199 1084 157 806 810 434 108 67 408 #UTIL: 8480
151 1143 465 1189 1199 1084 157 806 810 434 108 408 #UTIL: 8108
151 1143 465 1189 1199 1084 157 806 810 434 323 #UTIL: 7710
151 1143 465 1189 1199 1084 157 806 810 434 323 67 #UTIL: 8082
151 1143 465 1189 1199 1084 157 806 810 434 323 67 408 #UTIL: 8742
151 1143 465 1189 1199 1084 157 806 810 434 323 408 #UTIL: 8370
151 1143 465 1189 1199 1084 157 806 810 434 67 #UTIL: 7382
151 1143 465 1189 1199 1084 157 806 810 434 67 408 #UTIL: 8042
151 1143 465 1189 1199 1084 157 806 810 434 408 #UTIL: 7670
151 1143 465 1189 1199 1084 157 806 810 108 323 #UTIL: 7438
151 1143 465 1189 1199 1084 157 806 810 108 323 67 #UTIL: 7810
151 1143 465 1189 1199 1084 157 806 810 108 323 67 408 #UTIL: 8470
151 1143 465 1189 1199 1084 157 806 810 108 323 408 #UTIL: 8098
151 1143 465 1189 1199 1084 157 806 810 108 67 408 #UTIL: 7770
151 1143 465 1189 1199 1084 157 806 810 108 408 #UTIL: 7398
151 1143 465 1189 1199 1084 157 806 810 323 67 #UTIL: 7372
151 1143 465 1189 1199 1084 157 806 810 323 67 408 #UTIL: 8032
151 1143 465 1189 1199 1084 157 806 810 323 408 #UTIL: 7660
151 1143 465 1189 1199 1084 157 806 810 67 408 #UTIL: 7332
151 1143 465 1189 1199 1084 157 806 434 108 #UTIL: 7221
151 1143 465 1189 1199 1084 157 806 434 108 323 #UTIL: 7921
151 1143 465 1189 1199 1084 157 806 434 108 323 67 #UTIL: 8293
151 1143 465 1189 1199 1084 157 806 434 108 323 67 408 #UTIL: 8953
151 1143 465 1189 1199 1084 157 806 434 108 323 408 #UTIL: 8581
151 1143 465 1189 1199 1084 157 806 434 108 67 #UTIL: 7593
151 1143 465 1189 1199 1084 157 806 434 108 67 408 #UTIL: 8253
151 1143 465 1189 1199 1084 157 806 434 108 408 #UTIL: 7881
151 1143 465 1189 1199 1084 157 806 434 323 #UTIL: 7483
151 1143 465 1189 1199 1084 157 806 434 323 67 #UTIL: 7855
151 1143 465 1189 1199 1084 157 806 434 323 67 408 #UTIL: 8515
151 1143 465 1189 1199 1084 157 806 434 323 408 #UTIL: 8143
151 1143 465 1189 1199 1084 157 806 434 67 408 #UTIL: 7815
151 1143 465 1189 1199 1084 157 806 434 408 #UTIL: 7443
151 1143 465 1189 1199 1084 157 806 108 323 #UTIL: 7211
151 1143 465 1189 1199 1084 157 806 108 323 67 #UTIL: 7583
151 1143 465 1189 1199 1084 157 806 108 323 67 408 #UTIL: 8243
151 1143 465 1189 1199 1084 157 806 108 323 408 #UTIL: 7871
151 1143 465 1189 1199 1084 157 806 108 67 408 #UTIL: 7543
151 1143 465 1189 1199 1084 157 806 323 67 408 #UTIL: 7805
151 1143 465 1189 1199 1084 157 806 323 408 #UTIL: 7433
151 1143 465 1189 1199 1084 157 810 434 108 323 #UTIL: 7628
151 1143 465 1189 1199 1084 157 810 434 108 323 67 #UTIL: 8000
151 1143 465 1189 1199 1084 157 810 434 108 323 67 408 #UTIL: 8660
151 1143 465 1189 1199 1084 157 810 434 108 323 408 #UTIL: 8288
151 1143 465 1189 1199 1084 157 810 434 108 67 #UTIL: 7300
151 1143 465 1189 1199 1084 157 810 434 108 67 408 #UTIL: 7960
151 1143 465 1189 1199 1084 157 810 434 108 408 #UTIL: 7588
151 1143 465 1189 1199 1084 157 810 434 323 67 #UTIL: 7562
151 1143 465 1189 1199 1084 157 810 434 323 67 408 #UTIL: 8222
151 1143 465 1189 1199 1084 157 810 434 323 408 #UTIL: 7850
151 1143 465 1189 1199 1084 157 810 434 67 408 #UTIL: 7522
151 1143 465 1189 1199 1084 157 810 108 323 67 #UTIL: 7290
151 1143 465 1189 1199 1084 157 810 108 323 67 408 #UTIL: 7950
151 1143 465 1189 1199 1084 157 810 108 323 408 #UTIL: 7578
151 1143 465 1189 1199 1084 157 810 108 67 408 #UTIL: 7250
151 1143 465 1189 1199 1084 157 810 323 67 408 #UTIL: 7512
151 1143 465 1189 1199 1084 157 434 108 323 #UTIL: 7401
151 1143 465 1189 1199 1084 157 434 108 323 67 #UTIL: 7773
151 1143 465 1189 1199 1084 157 434 108 323 67 408 #UTIL: 8433
151 1143 465 1189 1199 1084 157 434 108 323 408 #UTIL: 8061
151 1143 465 1189 1199 1084 157 434 108 67 408 #UTIL: 7733
151 1143 465 1189 1199 1084 157 434 108 408 #UTIL: 7361
151 1143 465 1189 1199 1084 157 434 323 67 #UTIL: 7335
151 1143 465 1189 1199 1084 157 434 323 67 408 #UTIL: 7995
151 1143 465 1189 1199 1084 157 434 323 408 #UTIL: 7623
151 1143 465 1189 1199 1084 157 434 67 408 #UTIL: 7295
151 1143 465 1189 1199 1084 157 108 323 67 408 #UTIL: 7723
151 1143 465 1189 1199 1084 157 108 323 408 #UTIL: 7351
151 1143 465 1189 1199 1084 157 323 67 408 #UTIL: 7285
151 1143 465 1189 1199 1084 806 810 434 108 323 #UTIL: 7263
151 1143 465 1189 1199 1084 806 810 434 108 323 67 #UTIL: 7635
151 1143 465 1189 1199 1084 806 810 434 108 323 67 408 #UTIL: 8295
151 1143 465 1189 1199 1084 806 810 434 108 323 408 #UTIL: 7923
151 1143 465 1189 1199 1084 806 810 434 108 67 408 #UTIL: 7595
151 1143 465 1189 1199 1084 806 810 434 108 408 #UTIL: 7223
151 1143 465 1189 1199 1084 806 810 434 323 67 408 #UTIL: 7857
151 1143 465 1189 1199 1084 806 810 434 323 408 #UTIL: 7485
151 1143 465 1189 1199 1084 806 810 108 323 67 408 #UTIL: 7585
151 1143 465 1189 1199 1084 806 810 108 323 408 #UTIL: 7213
151 1143 465 1189 1199 1084 806 434 108 323 67 #UTIL: 7408
151 1143 465 1189 1199 1084 806 434 108 323 67 408 #UTIL: 8068
151 1143 465 1189 1199 1084 806 434 108 323 408 #UTIL: 7696
151 1143 465 1189 1199 1084 806 434 108 67 408 #UTIL: 7368
151 1143 465 1189 1199 1084 806 434 323 67 408 #UTIL: 7630
151 1143 465 1189 1199 1084 806 434 323 408 #UTIL: 7258
151 1143 465 1189 1199 1084 806 108 323 67 408 #UTIL: 7358
151 1143 465 1189 1199 1084 810 434 108 323 67 408 #UTIL: 7775
151 1143 465 1189 1199 1084 810 434 108 323 408 #UTIL: 7403
151 1143 465 1189 1199 1084 810 434 323 67 408 #UTIL: 7337
151 1143 465 1189 1199 1084 434 108 323 67 408 #UTIL: 7548
151 1143 465 1189 1199 157 806 810 434 108 323 #UTIL: 7600
151 1143 465 1189 1199 157 806 810 434 108 323 67 #UTIL: 7972
151 1143 465 1189 1199 157 806 810 434 108 323 67 408 #UTIL: 8632
151 1143 465 1189 1199 157 806 810 434 108 323 408 #UTIL: 8260
151 1143 465 1189 1199 157 806 810 434 108 67 #UTIL: 7272
151 1143 465 1189 1199 157 806 810 434 108 67 408 #UTIL: 7932
151 1143 465 1189 1199 157 806 810 434 108 408 #UTIL: 7560
151 1143 465 1189 1199 157 806 810 434 323 67 #UTIL: 7534
151 1143 465 1189 1199 157 806 810 434 323 67 408 #UTIL: 8194
151 1143 465 1189 1199 157 806 810 434 323 408 #UTIL: 7822
151 1143 465 1189 1199 157 806 810 434 67 408 #UTIL: 7494
151 1143 465 1189 1199 157 806 810 108 323 67 #UTIL: 7262
151 1143 465 1189 1199 157 806 810 108 323 67 408 #UTIL: 7922
151 1143 465 1189 1199 157 806 810 108 323 408 #UTIL: 7550
151 1143 465 1189 1199 157 806 810 108 67 408 #UTIL: 7222
151 1143 465 1189 1199 157 806 810 323 67 408 #UTIL: 7484
151 1143 465 1189 1199 157 806 434 108 323 #UTIL: 7373
151 1143 465 1189 1199 157 806 434 108 323 67 #UTIL: 7745
151 1143 465 1189 1199 157 806 434 108 323 67 408 #UTIL: 8405
151 1143 465 1189 1199 157 806 434 108 323 408 #UTIL: 8033
151 1143 465 1189 1199 157 806 434 108 67 408 #UTIL: 7705
151 1143 465 1189 1199 157 806 434 108 408 #UTIL: 7333
151 1143 465 1189 1199 157 806 434 323 67 #UTIL: 7307
151 1143 465 1189 1199 157 806 434 323 67 408 #UTIL: 7967
151 1143 465 1189 1199 157 806 434 323 408 #UTIL: 7595
151 1143 465 1189 1199 157 806 434 67 408 #UTIL: 7267
151 1143 465 1189 1199 157 806 108 323 67 408 #UTIL: 7695
151 1143 465 1189 1199 157 806 108 323 408 #UTIL: 7323
151 1143 465 1189 1199 157 806 323 67 408 #UTIL: 7257
151 1143 465 1189 1199 157 810 434 108 323 67 #UTIL: 7452
151 1143 465 1189 1199 157 810 434 108 323 67 408 #UTIL: 8112
151 1143 465 1189 1199 157 810 434 108 323 408 #UTIL: 7740
151 1143 465 1189 1199 157 810 434 108 67 408 #UTIL: 7412
151 1143 465 1189 1199 157 810 434 323 67 408 #UTIL: 7674
151 1143 465 1189 1199 157 810 434 323 408 #UTIL: 7302
151 1143 465 1189 1199 157 810 108 323 67 408 #UTIL: 7402
151 1143 465 1189 1199 157 434 108 323 67 #UTIL: 7225
151 1143 465 1189 1199 157 434 108 323 67 408 #UTIL: 7885
151 1143 465 1189 1199 157 434 108 323 408 #UTIL: 7513
151 1143 465 1189 1199 157 434 323 67 408 #UTIL: 7447
151 1143 465 1189 1199 806 810 434 108 323 67 408 #UTIL: 7747
151 1143 465 1189 1199 806 810 434 108 323 408 #UTIL: 7375
151 1143 465 1189 1199 806 810 434 323 67 408 #UTIL: 7309
151 1143 465 1189 1199 806 434 108 323 67 408 #UTIL: 7520
151 1143 465 1189 1199 810 434 108 323 67 408 #UTIL: 7227
151 1143 465 1189 1084 157 806 810 434 108 323 #UTIL: 7380
151 1143 465 1189 1084 157 806 810 434 108 323 67 #UTIL: 7752
151 1143 465 1189 1084 157 806 810 434 108 323 67 408 #UTIL: 8412
151 1143 465 1189 1084 157 806 810 434 108 323 408 #UTIL: 8040
151 1143 465 1189 1084 157 806 810 434 108 67 408 #UTIL: 7712
151 1143 465 1189 1084 157 806 810 434 108 408 #UTIL: 7340
151 1143 465 1189 1084 157 806 810 434 323 67 #UTIL: 7314
151 1143 465 1189 1084 157 806 810 434 323 67 408 #UTIL: 7974
151 1143 465 1189 1084 157 806 810 434 323 408 #UTIL: 7602
151 1143 465 1189 1084 157 806 810 434 67 408 #UTIL: 7274
151 1143 465 1189 1084 157 806 810 108 323 67 408 #UTIL: 7702
151 1143 465 1189 1084 157 806 810 108 323 408 #UTIL: 7330
151 1143 465 1189 1084 157 806 810 323 67 408 #UTIL: 7264
151 1143 465 1189 1084 157 806 434 108 323 67 #UTIL: 7525
151 1143 465 1189 1084 157 806 434 108 323 67 408 #UTIL: 8185
151 1143 465 1189 1084 157 806 434 108 323 408 #UTIL: 7813
151 1143 465 1189 1084 157 806 434 108 67 408 #UTIL: 7485
151 1143 465 1189 1084 157 806 434 323 67 408 #UTIL: 7747
151 1143 465 1189 1084 157 806 434 323 408 #UTIL: 7375
151 1143 465 1189 1084 157 806 108 323 67 408 #UTIL: 7475
151 1143 465 1189 1084 157 810 434 108 323 67 #UTIL: 7232
151 1143 465 1189 1084 157 810 434 108 323 67 408 #UTIL: 7892
151 1143 465 1189 1084 157 810 434 108 323 408 #UTIL: 7520
151 1143 465 1189 1084 157 810 434 323 67 408 #UTIL: 7454
151 1143 465 1189 1084 157 434 108 323 67 408 #UTIL: 7665
151 1143 465 1189 1084 157 434 108 323 408 #UTIL: 7293
151 1143 465 1189 1084 157 434 323 67 408 #UTIL: 7227
151 1143 465 1189 1084 806 810 434 108 323 67 408 #UTIL: 7527
151 1143 465 1189 1084 806 434 108 323 67 408 #UTIL: 7300
151 1143 465 1189 157 806 810 434 108 323 67 408 #UTIL: 7864
151 1143 465 1189 157 806 810 434 108 323 408 #UTIL: 7492
151 1143 465 1189 157 806 810 434 323 67 408 #UTIL: 7426
151 1143 465 1189 157 806 434 108 323 67 408 #UTIL: 7637
151 1143 465 1189 157 806 434 108 323 408 #UTIL: 7265
151 1143 465 1189 157 810 434 108 323 67 408 #UTIL: 7344
151 1143 465 1199 1084 157 806 810 434 108 323 #UTIL: 7844
151 1143 465 1199 1084 157 806 810 434 108 323 67 #UTIL: 8216
151 1143 465 1199 1084 157 806 810 434 108 323 67 408 #UTIL: 8876
151 1143 465 1199 1084 157 806 810 434 108 323 408 #UTIL: 8504
151 1143 465 1199 1084 157 806 810 434 108 67 #UTIL: 7516
151 1143 465 1199 1084 157 806 810 434 108 67 408 #UTIL: 8176
151 1143 465 1199 1084 157 806 810 434 108 408 #UTIL: 7804
151 1143 465 1199 1084 157 806 810 434 323 #UTIL: 7406
151 1143 465 1199 1084 157 806 810 434 323 67 #UTIL: 7778
151 1143 465 1199 1084 157 806 810 434 323 67 408 #UTIL: 8438
151 1143 465 1199 1084 157 806 810 434 323 408 #UTIL: 8066
151 1143 465 1199 1084 157 806 810 434 67 408 #UTIL: 7738
151 1143 465 1199 1084 157 806 810 434 408 #UTIL: 7366
151 1143 465 1199 1084 157 806 810 108 323 67 #UTIL: 7506
151 1143 465 1199 1084 157 806 810 108 323 67 408 #UTIL: 8166
151 1143 465 1199 1084 157 806 810 108 323 408 #UTIL: 7794
151 1143 465 1199 1084 157 806 810 108 67 408 #UTIL: 7466
151 1143 465 1199 1084 157 806 810 323 67 408 #UTIL: 7728
151 1143 465 1199 1084 157 806 810 323 408 #UTIL: 7356
151 1143 465 1199 1084 157 806 434 108 323 #UTIL: 7617
151 1143 465 1199 1084 157 806 434 108 323 67 #UTIL: 7989
151 1143 465 1199 1084 157 806 434 108 323 67 408 #UTIL: 8649
151 1143 465 1199 1084 157 806 434 108 323 408 #UTIL: 8277
151 1143 465 1199 1084 157 806 434 108 67 #UTIL: 7289
151 1143 465 1199 1084 157 806 434 108 67 408 #UTIL: 7949
151 1143 465 1199 1084 157 806 434 108 408 #UTIL: 7577
151 1143 465 1199 1084 157 806 434 323 67 #UTIL: 7551
151 1143 465 1199 1084 157 806 434 323 67 408 #UTIL: 8211
151 1143 465 1199 1084 157 806 434 323 408 #UTIL: 7839
151 1143 465 1199 1084 157 806 434 67 408 #UTIL: 7511
151 1143 465 1199 1084 157 806 108 323 67 #UTIL: 7279
151 1143 465 1199 1084 157 806 108 323 67 408 #UTIL: 7939
151 1143 465 1199 1084 157 806 108 323 408 #UTIL: 7567
151 1143 465 1199 1084 157 806 108 67 408 #UTIL: 7239
151 1143 465 1199 1084 157 806 323 67 408 #UTIL: 7501
151 1143 465 1199 1084 157 810 434 108 323 #UTIL: 7324
151 1143 465 1199 1084 157 810 434 108 323 67 #UTIL: 7696
151 1143 465 1199 1084 157 810 434 108 323 67 408 #UTIL: 8356
151 1143 465 1199 1084 157 810 434 108 323 408 #UTIL: 7984
151 1143 465 1199 1084 157 810 434 108 67 408 #UTIL: 7656
151 1143 465 1199 1084 157 810 434 108 408 #UTIL: 7284
151 1143 465 1199 1084 157 810 434 323 67 #UTIL: 7258
151 1143 465 1199 1084 157 810 434 323 67 408 #UTIL: 7918
151 1143 465 1199 1084 157 810 434 323 408 #UTIL: 7546
151 1143 465 1199 1084 157 810 434 67 408 #UTIL: 7218
151 1143 465 1199 1084 157 810 108 323 67 408 #UTIL: 7646
151 1143 465 1199 1084 157 810 108 323 408 #UTIL: 7274
151 1143 465 1199 1084 157 810 323 67 408 #UTIL: 7208
151 1143 465 1199 1084 157 434 108 323 67 #UTIL: 7469
151 1143 465 1199 1084 157 434 108 323 67 408 #UTIL: 8129
151 1143 465 1199 1084 157 434 108 323 408 #UTIL: 7757
151 1143 465 1199 1084 157 434 108 67 408 #UTIL: 7429
151 1143 465 1199 1084 157 434 323 67 408 #UTIL: 7691
151 1143 465 1199 1084 157 434 323 408 #UTIL: 7319
151 1143 465 1199 1084 157 108 323 67 408 #UTIL: 7419
151 1143 465 1199 1084 806 810 434 108 323 67 #UTIL: 7331
151 1143 465 1199 1084 806 810 434 108 323 67 408 #UTIL: 7991
151 1143 465 1199 1084 806 810 434 108 323 408 #UTIL: 7619
151 1143 465 1199 1084 806 810 434 108 67 408 #UTIL: 7291
151 1143 465 1199 1084 806 810 434 323 67 408 #UTIL: 7553
151 1143 465 1199 1084 806 810 108 323 67 408 #UTIL: 7281
151 1143 465 1199 1084 806 434 108 323 67 408 #UTIL: 7764
151 1143 465 1199 1084 806 434 108 323 408 #UTIL: 7392
151 1143 465 1199 1084 806 434 323 67 408 #UTIL: 7326
151 1143 465 1199 1084 810 434 108 323 67 408 #UTIL: 7471
151 1143 465 1199 1084 434 108 323 67 408 #UTIL: 7244
151 1143 465 1199 157 806 810 434 108 323 #UTIL: 7296
151 1143 465 1199 157 806 810 434 108 323 67 #UTIL: 7668
151 1143 465 1199 157 806 810 434 108 323 67 408 #UTIL: 8328
151 1143 465 1199 157 806 810 434 108 323 408 #UTIL: 7956
151 1143 465 1199 157 806 810 434 108 67 408 #UTIL: 7628
151 1143 465 1199 157 806 810 434 108 408 #UTIL: 7256
151 1143 465 1199 157 806 810 434 323 67 #UTIL: 7230
151 1143 465 1199 157 806 810 434 323 67 408 #UTIL: 7890
151 1143 465 1199 157 806 810 434 323 408 #UTIL: 7518
151 1143 465 1199 157 806 810 108 323 67 408 #UTIL: 7618
151 1143 465 1199 157 806 810 108 323 408 #UTIL: 7246
151 1143 465 1199 157 806 434 108 323 67 #UTIL: 7441
151 1143 465 1199 157 806 434 108 323 67 408 #UTIL: 8101
151 1143 465 1199 157 806 434 108 323 408 #UTIL: 7729
151 1143 465 1199 157 806 434 108 67 408 #UTIL: 7401
151 1143 465 1199 157 806 434 323 67 408 #UTIL: 7663
151 1143 465 1199 157 806 434 323 408 #UTIL: 7291
151 1143 465 1199 157 806 108 323 67 408 #UTIL: 7391
151 1143 465 1199 157 810 434 108 323 67 408 #UTIL: 7808
151 1143 465 1199 157 810 434 108 323 408 #UTIL: 7436
151 1143 465 1199 157 810 434 323 67 408 #UTIL: 7370
151 1143 465 1199 157 434 108 323 67 408 #UTIL: 7581
151 1143 465 1199 157 434 108 323 408 #UTIL: 7209
151 1143 465 1199 806 810 434 108 323 67 408 #UTIL: 7443
151 1143 465 1199 806 434 108 323 67 408 #UTIL: 7216
151 1143 465 1084 157 806 810 434 108 323 67 #UTIL: 7448
151 1143 465 1084 157 806 810 434 108 323 67 408 #UTIL: 8108
151 1143 465 1084 157 806 810 434 108 323 408 #UTIL: 7736
151 1143 465 1084 157 806 810 434 108 67 408 #UTIL: 7408
151 1143 465 1084 157 806 810 434 323 67 408 #UTIL: 7670
151 1143 465 1084 157 806 810 434 323 408 #UTIL: 7298
151 1143 465 1084 157 806 810 108 323 67 408 #UTIL: 7398
151 1143 465 1084 157 806 434 108 323 67 #UTIL: 7221
151 1143 465 1084 157 806 434 108 323 67 408 #UTIL: 7881
151 1143 465 1084 157 806 434 108 323 408 #UTIL: 7509
151 1143 465 1084 157 806 434 323 67 408 #UTIL: 7443
151 1143 465 1084 157 810 434 108 323 67 408 #UTIL: 7588
151 1143 465 1084 157 810 434 108 323 408 #UTIL: 7216
151 1143 465 1084 157 434 108 323 67 408 #UTIL: 7361
151 1143 465 1084 806 810 434 108 323 67 408 #UTIL: 7223
151 1143 465 157 806 810 434 108 323 67 408 #UTIL: 7560
151 1143 465 157 806 434 108 323 67 408 #UTIL: 7333
151 1143 1189 1199 1084 157 806 810 434 108 323 67 #UTIL: 7340
151 1143 1189 1199 1084 157 806 810 434 108 323 67 408 #UTIL: 8000
151 1143 1189 1199 1084 157 806 810 434 108 323 408 #UTIL: 7628
151 1143 1189 1199 1084 157 806 810 434 108 67 408 #UTIL: 7300
151 1143 1189 1199 1084 157 806 810 434 323 67 408 #UTIL: 7562
151 1143 1189 1199 1084 157 806 810 108 323 67 408 #UTIL: 7290
151 1143 1189 1199 1084 157 806 434 108 323 67 408 #UTIL: 7773
151 1143 1189 1199 1084 157 806 434 108 323 408 #UTIL: 7401
151 1143 1189 1199 1084 157 806 434 323 67 408 #UTIL: 7335
151 1143 1189 1199 1084 157 810 434 108 323 67 408 #UTIL: 7480
151 1143 1189 1199 1084 157 434 108 323 67 408 #UTIL: 7253
151 1143 1189 1199 157 806 810 434 108 323 67 408 #UTIL: 7452
151 1143 1189 1199 157 806 434 108 323 67 408 #UTIL: 7225
151 1143 1189 1084 157 806 810 434 108 323 67 408 #UTIL: 7232
151 1143 1199 1084 157 806 810 434 108 323 67 408 #UTIL: 7696
151 1143 1199 1084 157 806 810 434 108 323 408 #UTIL: 7324
151 1143 1199 1084 157 806 810 434 323 67 408 #UTIL: 7258
151 1143 1199 1084 157 806 434 108 323 67 408 #UTIL: 7469
151 465 1189 1199 1084 157 806 810 434 108 323 #UTIL: 7444
151 465 1189 1199 1084 157 806 810 434 108 323 67 #UTIL: 7816
151 465 1189 1199 1084 157 806 810 434 108 323 67 408 #UTIL: 8476
151 465 1189 1199 1084 157 806 810 434 108 323 408 #UTIL: 8104
151 465 1189 1199 1084 157 806 810 434 108 67 408 #UTIL: 7776
151 465 1189 1199 1084 157 806 810 434 108 408 #UTIL: 7404
151 465 1189 1199 1084 157 806 810 434 323 67 #UTIL: 7378
151 465 1189 1199 1084 157 806 810 434 323 67 408 #UTIL: 8038
151 465 1189 1199 1084 157 806 810 434 323 408 #UTIL: 7666
151 465 1189 1199 1084 157 806 810 434 67 408 #UTIL: 7338
151 465 1189 1199 1084 157 806 810 108 323 67 408 #UTIL: 7766
151 465 1189 1199 1084 157 806 810 108 323 408 #UTIL: 7394
151 465 1189 1199 1084 157 806 810 323 67 408 #UTIL: 7328
151 465 1189 1199 1084 157 806 434 108 323 #UTIL: 7217
151 465 1189 1199 1084 157 806 434 108 323 67 #UTIL: 7589
151 465 1189 1199 1084 157 806 434 108 323 67 408 #UTIL: 8249
151 465 1189 1199 1084 157 806 434 108 323 408 #UTIL: 7877
151 465 1189 1199 1084 157 806 434 108 67 408 #UTIL: 7549
151 465 1189 1199 1084 157 806 434 323 67 408 #UTIL: 7811
151 465 1189 1199 1084 157 806 434 323 408 #UTIL: 7439
151 465 1189 1199 1084 157 806 108 323 67 408 #UTIL: 7539
151 465 1189 1199 1084 157 810 434 108 323 67 #UTIL: 7296
151 465 1189 1199 1084 157 810 434 108 323 67 408 #UTIL: 7956
151 465 1189 1199 1084 157 810 434 108 323 408 #UTIL: 7584
151 465 1189 1199 1084 157 810 434 108 67 408 #UTIL: 7256
151 465 1189 1199 1084 157 810 434 323 67 408 #UTIL: 7518
151 465 1189 1199 1084 157 810 108 323 67 408 #UTIL: 7246
151 465 1189 1199 1084 157 434 108 323 67 408 #UTIL: 7729
151 465 1189 1199 1084 157 434 108 323 408 #UTIL: 7357
151 465 1189 1199 1084 157 434 323 67 408 #UTIL: 7291
151 465 1189 1199 1084 806 810 434 108 323 67 408 #UTIL: 7591
151 465 1189 1199 1084 806 810 434 108 323 408 #UTIL: 7219
151 465 1189 1199 1084 806 434 108 323 67 408 #UTIL: 7364
151 465 1189 1199 157 806 810 434 108 323 67 #UTIL: 7268
151 465 1189 1199 157 806 810 434 108 323 67 408 #UTIL: 7928
151 465 1189 1199 157 806 810 434 108 323 408 #UTIL: 7556
151 465 1189 1199 157 806 810 434 108 67 408 #UTIL: 7228
151 465 1189 1199 157 806 810 434 323 67 408 #UTIL: 7490
151 465 1189 1199 157 806 810 108 323 67 408 #UTIL: 7218
151 465 1189 1199 157 806 434 108 323 67 408 #UTIL: 7701
151 465 1189 1199 157 806 434 108 323 408 #UTIL: 7329
151 465 1189 1199 157 806 434 323 67 408 #UTIL: 7263
151 465 1189 1199 157 810 434 108 323 67 408 #UTIL: 7408
151 465 1189 1084 157 806 810 434 108 323 67 408 #UTIL: 7708
151 465 1189 1084 157 806 810 434 108 323 408 #UTIL: 7336
151 465 1189 1084 157 806 810 434 323 67 408 #UTIL: 7270
151 465 1189 1084 157 806 434 108 323 67 408 #UTIL: 7481
151 465 1199 1084 157 806 810 434 108 323 67 #UTIL: 7512
151 465 1199 1084 157 806 810 434 108 323 67 408 #UTIL: 8172
151 465 1199 1084 157 806 810 434 108 323 408 #UTIL: 7800
151 465 1199 1084 157 806 810 434 108 67 408 #UTIL: 7472
151 465 1199 1084 157 806 810 434 323 67 408 #UTIL: 7734
151 465 1199 1084 157 806 810 434 323 408 #UTIL: 7362
151 465 1199 1084 157 806 810 108 323 67 408 #UTIL: 7462
151 465 1199 1084 157 806 434 108 323 67 #UTIL: 7285
151 465 1199 1084 157 806 434 108 323 67 408 #UTIL: 7945
151 465 1199 1084 157 806 434 108 323 408 #UTIL: 7573
151 465 1199 1084 157 806 434 108 67 408 #UTIL: 7245
151 465 1199 1084 157 806 434 323 67 408 #UTIL: 7507
151 465 1199 1084 157 806 108 323 67 408 #UTIL: 7235
151 465 1199 1084 157 810 434 108 323 67 408 #UTIL: 7652
151 465 1199 1084 157 810 434 108 323 408 #UTIL: 7280
151 465 1199 1084 157 810 434 323 67 408 #UTIL: 7214
151 465 1199 1084 157 434 108 323 67 408 #UTIL: 7425
151 465 1199 1084 806 810 434 108 323 67 408 #UTIL: 7287
151 465 1199 157 806 810 434 108 323 67 408 #UTIL: 7624
151 465 1199 157 806 810 434 108 323 408 #UTIL: 7252
151 465 1199 157 806 434 108 323 67 408 #UTIL: 7397
151 465 1084 157 806 810 434 108 323 67 408 #UTIL: 7404
151 1189 1199 1084 157 806 810 434 108 323 67 408 #UTIL: 7296
899 #UTIL: 7296
86 #UTIL: 7722
499 #UTIL: 8288
172 #UTIL: 8300
84 #UTIL: 8149
683 866 34 1066 1076 1282 #UTIL: 7804
875 #UTIL: 8600
1128 #UTIL: 7569
1322 #UTIL: 8640
525 #UTIL: 9405
354 #UTIL: 8100
197 #UTIL: 8730
1446 244 1024 1236 237 287 414 404 1512 94 1436 271 1340 #UTIL: 8007
1446 244 1024 1236 237 287 414 404 1512 94 1436 1340 #UTIL: 7533
1446 244 1024 1236 237 287 414 404 1512 94 271 1340 #UTIL: 7731
1446 244 1024 1236 237 287 414 404 1512 94 1340 #UTIL: 7257
1446 244 1024 1236 237 287 414 404 1512 1436 271 1340 #UTIL: 7883
1446 244 1024 1236 237 287 414 404 1512 1436 1340 #UTIL: 7409
1446 244 1024 1236 237 287 414 404 1512 271 1340 #UTIL: 7607
1446 244 1024 1236 237 287 414 404 94 1436 271 1340 #UTIL: 7845
1446 244 1024 1236 237 287 414 404 94 1436 1340 #UTIL: 7371
1446 244 1024 1236 237 287 414 404 94 271 1340 #UTIL: 7569
1446 244 1024 1236 237 287 414 404 1436 271 1340 #UTIL: 7721
1446 244 1024 1236 237 287 414 404 1436 1340 #UTIL: 7247
1446 244 1024 1236 237 287 414 404 271 1340 #UTIL: 7445
1446 244 1024 1236 237 287 414 1512 94 1436 271 1340 #UTIL: 7507
1446 244 1024 1236 237 287 414 1512 94 271 1340 #UTIL: 7231
1446 244 1024 1236 237 287 414 1512 1436 271 1340 #UTIL: 7383
1446 244 1024 1236 237 287 414 94 1436 271 1340 #UTIL: 7345
1446 244 1024 1236 237 287 414 1436 271 1340 #UTIL: 7221
1446 244 1024 1236 237 414 404 1512 94 1436 271 1340 #UTIL: 7695
1446 244 1024 1236 237 414 404 1512 94 1436 1340 #UTIL: 7221
1446 244 1024 1236 237 414 404 1512 94 271 1340 #UTIL: 7419
1446 244 1024 1236 237 414 404 1512 1436 271 1340 #UTIL: 7571
1446 244 1024 1236 237 414 404 1512 271 1340 #UTIL: 7295
1446 244 1024 1236 237 414 404 94 1436 271 1340 #UTIL: 7533
1446 244 1024 1236 237 414 404 94 271 1340 #UTIL: 7257
1446 244 1024 1236 237 414 404 1436 271 1340 #UTIL: 7409
1446 244 1024 1236 287 414 404 1512 94 1436 271 1340 #UTIL: 7471
1446 244 1024 1236 287 414 404 1512 1436 271 1340 #UTIL: 7347
1446 244 1024 1236 287 414 404 94 1436 271 1340 #UTIL: 7309
573 #UTIL: 10170
1273 #UTIL: 8606
866 #UTIL: 8304
1415 #UTIL: 7980
796 1279 430 819 1472 #UTIL: 8220
796 1279 430 819 1472 1389 #UTIL: 9535
796 1279 430 819 1389 #UTIL: 8215
796 1279 430 1472 1389 #UTIL: 7319
796 1279 819 1472 1389 #UTIL: 8275
99 #UTIL: 8260
972 #UTIL: 7359
1440 #UTIL: 8149
109 #UTIL: 11060
244 #UTIL: 7560
244 1024 1236 237 287 414 404 1512 94 1436 271 1340 #UTIL: 7629
244 1024 1236 237 287 414 404 1512 94 271 1340 #UTIL: 7353
244 1024 1236 237 287 414 404 1512 1436 271 1340 #UTIL: 7505
244 1024 1236 237 287 414 404 1512 271 1340 #UTIL: 7229
244 1024 1236 237 287 414 404 94 1436 271 1340 #UTIL: 7467
244 1024 1236 237 287 414 404 1436 271 1340 #UTIL: 7343
244 1024 1236 237 414 404 1512 94 1436 271 1340 #UTIL: 7317
966 #UTIL: 8217
1454 #UTIL: 8136
78 #UTIL: 8103
1498 #UTIL: 7353
802 #UTIL: 8073
731 #UTIL: 9906
660 #UTIL: 8120
1024 #UTIL: 9085
880 #UTIL: 9855
1143 465 1189 1199 1084 157 806 810 434 108 323 67 #UTIL: 7356
1143 465 1189 1199 1084 157 806 810 434 108 323 67 408 #UTIL: 8016
1143 465 1189 1199 1084 157 806 810 434 108 323 408 #UTIL: 7644
1143 465 1189 1199 1084 157 806 810 434 108 67 408 #UTIL: 7316
1143 465 1189 1199 1084 157 806 810 434 323 67 408 #UTIL: 7578
1143 465 1189 1199 1084 157 806 810 108 323 67 408 #UTIL: 7306
1143 465 1189 1199 1084 157 806 434 108 323 67 408 #UTIL: 7789
1143 465 1189 1199 1084 157 806 434 108 323 408 #UTIL: 7417
1143 465 1189 1199 1084 157 806 434 323 67 408 #UTIL: 7351
1143 465 1189 1199 1084 157 810 434 108 323 67 408 #UTIL: 7496
1143 465 1189 1199 1084 157 434 108 323 67 408 #UTIL: 7269
1143 465 1189 1199 157 806 810 434 108 323 67 408 #UTIL: 7468
1143 465 1189 1199 157 806 434 108 323 67 408 #UTIL: 7241
1143 465 1189 1084 157 806 810 434 108 323 67 408 #UTIL: 7248
1143 465 1199 1084 157 806 810 434 108 323 67 408 #UTIL: 7712
1143 465 1199 1084 157 806 810 434 108 323 408 #UTIL: 7340
1143 465 1199 1084 157 806 810 434 323 67 408 #UTIL: 7274
1143 465 1199 1084 157 806 434 108 323 67 408 #UTIL: 7485
269 #UTIL: 8520
476 #UTIL: 11284
706 #UTIL: 10726
1071 #UTIL: 9504
648 #UTIL: 7888
216 #UTIL: 10440
71 #UTIL: 7449
498 #UTIL: 8155
250 #UTIL: 7770
913 #UTIL: 7476
1369 #UTIL: 9802
356 #UTIL: 8496
1488 #UTIL: 7722
1349 #UTIL: 9276
970 #UTIL: 9952
1377 #UTIL: 7641
1062 #UTIL: 8330
444 #UTIL: 7770
1236 #UTIL: 8964
461 #UTIL: 7888
1457 #UTIL: 9018
1352 #UTIL: 7420
188 #UTIL: 9030
363 #UTIL: 8008
1242 #UTIL: 7326
309 #UTIL: 8688
450 #UTIL: 9099
755 #UTIL: 9238
1274 1424 478 1227 1550 1210 940 308 #UTIL: 7895
1274 1424 478 1227 1550 940 308 #UTIL: 7215
1015 #UTIL: 7227
65 #UTIL: 10904
1411 #UTIL: 7220
1148 #UTIL: 8070
396 #UTIL: 9720
1396 #UTIL: 7950
1477 #UTIL: 7830
1115 #UTIL: 7750
1341 #UTIL: 10350
1005 #UTIL: 7946
661 #UTIL: 8424
465 #UTIL: 10030
465 1189 1199 1084 157 806 810 434 108 323 67 408 #UTIL: 7312
1360 #UTIL: 7260
805 #UTIL: 9216
62 #UTIL: 9168
62 66 456 882 753 445 724 508 #UTIL: 7769
62 66 456 882 753 445 724 508 304 #UTIL: 8147
62 66 456 882 753 445 508 304 #UTIL: 7265
62 66 456 882 445 724 508 #UTIL: 7391
62 66 456 882 445 724 508 304 #UTIL: 7769
62 66 456 753 445 724 508 304 #UTIL: 7400
1239 #UTIL: 7290
327 481 620 1342 773 1096 617 1077 321 1373 #UTIL: 7510
327 481 620 1342 1096 617 1077 321 1373 #UTIL: 7297
327 481 1342 773 1096 617 1077 321 1373 #UTIL: 7291
672 #UTIL: 10020
1478 #UTIL: 9044
481 #UTIL: 7695
481 620 1342 773 1096 617 1077 321 1373 #UTIL: 7270
570 #UTIL: 8856
72 #UTIL: 8768
1114 #UTIL: 11286
587 #UTIL: 10464
935 #UTIL: 9240
979 #UTIL: 11340
1385 #UTIL: 8640
331 #UTIL: 8207
1034 #UTIL: 9603
1427 #UTIL: 10464
589 #UTIL: 9805
263 #UTIL: 9880
263 1538 80 313 #UTIL: 8098
467 #UTIL: 12192
739 #UTIL: 8568
237 #UTIL: 7769
537 #UTIL: 9010
592 #UTIL: 7936
990 #UTIL: 8736
990 491 1227 #UTIL: 8215
607 #UTIL: 9174
1199 #UTIL: 7936
1483 #UTIL: 8520
717 #UTIL: 13328
943 #UTIL: 10621
388 #UTIL: 7990
1311 #UTIL: 10626
351 #UTIL: 10207
351 205 494 222 #UTIL: 7392
413 #UTIL: 8100
223 #UTIL: 14036
792 #UTIL: 7668
432 #UTIL: 7520
432 415 502 968 1118 #UTIL: 8790
432 415 502 1118 #UTIL: 7894
1196 #UTIL: 10220
1226 #UTIL: 9176
912 #UTIL: 8153
1277 #UTIL: 8890
953 #UTIL: 8768
799 #UTIL: 8804
539 #UTIL: 8602
535 #UTIL: 9940
279 #UTIL: 10998
19 #UTIL: 8932
1299 #UTIL: 9102
7 #UTIL: 8352
986 #UTIL: 13650
768 #UTIL: 7726
1525 #UTIL: 12969
13 #UTIL: 9540
843 #UTIL: 10584
1421 #UTIL: 7952
146 #UTIL: 8426
1074 #UTIL: 11894
698 #UTIL: 9320
662 #UTIL: 7585
657 #UTIL: 7632
987 #UTIL: 9065
42 #UTIL: 9306
1170 #UTIL: 8745
307 #UTIL: 7400
533 #UTIL: 8228
145 #UTIL: 8172
375 #UTIL: 8931
196 #UTIL: 8645
277 #UTIL: 9881
544 #UTIL: 10915
544 1184 1107 1540 1473 1081 924 #UTIL: 8198
544 1184 1107 1540 1473 924 #UTIL: 7325
544 1184 1540 1473 1081 924 #UTIL: 7388
1353 #UTIL: 8064
713 #UTIL: 13840
1309 #UTIL: 10034
1026 #UTIL: 7242
1248 #UTIL: 12653
362 #UTIL: 16674
1534 #UTIL: 10842
763 #UTIL: 8921
1533 #UTIL: 7250
1325 936 193 932 449 283 170 #UTIL: 7560
1325 936 193 932 449 283 170 387 #UTIL: 8283
1325 936 193 932 449 283 387 #UTIL: 7323
1325 936 193 449 283 170 387 #UTIL: 7488
160 #UTIL: 7668
612 #UTIL: 7378
1058 #UTIL: 8272
68 #UTIL: 12104
1017 #UTIL: 10115
559 #UTIL: 13983
659 #UTIL: 12519
389 #UTIL: 8771
141 #UTIL: 13362
157 #UTIL: 8555
1168 #UTIL: 12988
1428 #UTIL: 11966
1527 #UTIL: 9688
1527 1471 163 678 1481 79 1045 #UTIL: 7426
1365 727 1399 1426 #UTIL: 7632
1198 #UTIL: 10975
142 #UTIL: 9044
942 #UTIL: 7722
462 #UTIL: 7208
853 #UTIL: 12804
722 #UTIL: 8773
722 183 1392 306 1354 606 639 83 #UTIL: 7639
722 183 306 1354 606 639 83 #UTIL: 7390
1030 #UTIL: 10560
585 #UTIL: 9374
143 #UTIL: 8118
1509 #UTIL: 11026
58 #UTIL: 8778
439 #UTIL: 10850
155 #UTIL: 13335
1537 #UTIL: 8463
1119 #UTIL: 13314
783 #UTIL: 10127
1467 #UTIL: 12416
229 #UTIL: 8697
229 406 4 289 395 508 639 1464 #UTIL: 7985
229 406 4 289 395 639 1464 #UTIL: 7227
229 406 4 395 508 639 1464 #UTIL: 7437
229 4 289 395 508 639 1464 #UTIL: 7329
1231 #UTIL: 11130
546 #UTIL: 10842
517 #UTIL: 9516
551 #UTIL: 11235
273 #UTIL: 8284
233 #UTIL: 9102
677 #UTIL: 9768
479 #UTIL: 8385
673 #UTIL: 11782
936 #UTIL: 10842
936 193 932 449 283 170 #UTIL: 7274
936 193 932 449 283 170 387 #UTIL: 7997
265 #UTIL: 9025
1342 #UTIL: 11936
1331 #UTIL: 9316
1331 372 1310 1254 728 528 1493 #UTIL: 8001
1331 372 1310 1254 728 1493 #UTIL: 7617
1331 372 1310 1254 528 1493 #UTIL: 7623
1331 372 1310 1254 1493 #UTIL: 7239
578 #UTIL: 8244
521 #UTIL: 14155
46 #UTIL: 11008
1346 #UTIL: 10105
1505 #UTIL: 9350
1447 #UTIL: 9176
1099 #UTIL: 13932
184 #UTIL: 9855
1206 #UTIL: 12004
982 #UTIL: 9216
982 1431 1281 339 772 #UTIL: 8462
982 1431 1281 339 772 988 #UTIL: 12072
982 1431 1281 339 988 #UTIL: 10520
982 1431 1281 772 #UTIL: 7482
982 1431 1281 772 988 #UTIL: 11092
982 1431 1281 988 #UTIL: 9540
982 1431 339 772 988 #UTIL: 9856
982 1431 339 988 #UTIL: 8304
982 1431 772 988 #UTIL: 8876
982 1431 988 #UTIL: 7324
982 1281 339 772 988 #UTIL: 10662
982 1281 339 988 #UTIL: 9110
982 1281 772 988 #UTIL: 9682
982 1281 988 #UTIL: 8130
982 339 772 988 #UTIL: 8446
982 772 988 #UTIL: 7466
1491 #UTIL: 9030
358 #UTIL: 13125
675 #UTIL: 10770
695 #UTIL: 14432
641 #UTIL: 11144
1443 #UTIL: 7378
163 #UTIL: 9282
1047 #UTIL: 11951
1552 #UTIL: 9720
1019 #UTIL: 13464
1019 576 17 726 104 67 1292 #UTIL: 7301
455 #UTIL: 7224
25 1500 930 541 907 1389 #UTIL: 8559
25 1500 930 907 1389 #UTIL: 7431
25 1500 541 907 1389 #UTIL: 7375
285 #UTIL: 7626
886 #UTIL: 11818
324 #UTIL: 7289
1139 #UTIL: 10868
600 #UTIL: 9471
63 #UTIL: 12390
1323 #UTIL: 8232
534 #UTIL: 11491
653 #UTIL: 10286
678 #UTIL: 12546
190 #UTIL: 14960
1506 #UTIL: 9604
183 #UTIL: 7230
138 #UTIL: 9180
892 #UTIL: 8463
892 1269 952 316 83 1398 #UTIL: 8106
892 1269 952 83 1398 #UTIL: 7713
251 #UTIL: 9272
1209 #UTIL: 10530
1101 #UTIL: 9432
519 #UTIL: 12606
288 #UTIL: 10582
776 #UTIL: 16338
1424 #UTIL: 10948
1424 478 1227 1550 1210 940 308 #UTIL: 7371
896 #UTIL: 14199
619 #UTIL: 10575
1284 #UTIL: 8262
842 #UTIL: 13120
1313 #UTIL: 12152
656 #UTIL: 13475
1429 #UTIL: 8880
4 #UTIL: 9464
4 104 940 640 #UTIL: 7566
777 #UTIL: 10416
214 #UTIL: 9306
516 #UTIL: 7770
131 #UTIL: 9120
311 #UTIL: 8600
778 #UTIL: 10608
780 #UTIL: 10792
806 #UTIL: 7800
344 #UTIL: 8661
1320 #UTIL: 8246
123 #UTIL: 14976
667 #UTIL: 10906
484 #UTIL: 12376
997 #UTIL: 10524
1381 #UTIL: 7595
1500 #UTIL: 9640
1500 930 541 907 1389 #UTIL: 7629
803 #UTIL: 13338
1386 #UTIL: 7544
1529 #UTIL: 13407
1475 #UTIL: 9968
1152 #UTIL: 10520
303 #UTIL: 9030
548 #UTIL: 10433
1091 #UTIL: 10680
1245 #UTIL: 8116
736 #UTIL: 7242
861 #UTIL: 9065
550 #UTIL: 9360
125 #UTIL: 9737
1470 #UTIL: 11327
295 #UTIL: 9672
1408 #UTIL: 9805
721 #UTIL: 9485
541 #UTIL: 8272
708 #UTIL: 12512
1269 #UTIL: 13895
193 #UTIL: 12510
1138 #UTIL: 10004
856 #UTIL: 10755
957 #UTIL: 10395
164 #UTIL: 11286
1403 #UTIL: 7564
572 #UTIL: 9530
1247 #UTIL: 8064
407 #UTIL: 12198
407 950 478 382 1093 528 1426 #UTIL: 7326
186 #UTIL: 9366
466 #UTIL: 9994
16 #UTIL: 13788
847 #UTIL: 13824
241 #UTIL: 9894
372 #UTIL: 10746
17 #UTIL: 11063
102 #UTIL: 11270
1179 #UTIL: 11046
1539 #UTIL: 11456
1154 #UTIL: 7304
919 #UTIL: 7392
261 #UTIL: 12844
547 #UTIL: 9702
1061 #UTIL: 8466
50 #UTIL: 14220
332 #UTIL: 8619
1169 #UTIL: 8344
877 #UTIL: 8374
914 #UTIL: 10578
66 #UTIL: 11352
66 456 882 753 445 724 508 304 #UTIL: 7383
1194 #UTIL: 9273
1194 325 862 868 352 80 1161 225 #UTIL: 7720
1194 325 862 868 80 1161 225 #UTIL: 7452
1194 862 868 352 80 1161 225 #UTIL: 7418
491 #UTIL: 14742
848 #UTIL: 8357
1495 #UTIL: 11832
1157 #UTIL: 11088
1363 #UTIL: 9044
797 #UTIL: 8541
676 #UTIL: 12824
933 #UTIL: 12844
117 #UTIL: 10175
415 #UTIL: 11640
554 #UTIL: 14130
798 #UTIL: 10569
341 #UTIL: 9418
366 #UTIL: 9676
1202 #UTIL: 16154
950 #UTIL: 13533
1177 #UTIL: 7700
811 #UTIL: 14256
1489 #UTIL: 7266
647 #UTIL: 10138
506 #UTIL: 16192
962 #UTIL: 8602
456 #UTIL: 11214
865 #UTIL: 9758
1129 #UTIL: 8262
433 #UTIL: 7829
1240 #UTIL: 10385
851 #UTIL: 9030
1086 #UTIL: 10365
242 #UTIL: 10101
468 #UTIL: 8352
800 #UTIL: 12706
1117 #UTIL: 14560
577 #UTIL: 11004
28 #UTIL: 14076
952 #UTIL: 11931
1526 #UTIL: 8085
1343 #UTIL: 11767
714 #UTIL: 10260
1082 #UTIL: 8404
1555 #UTIL: 14160
1205 #UTIL: 7800
975 #UTIL: 14288
487 #UTIL: 10400
610 #UTIL: 11577
529 #UTIL: 10074
1270 #UTIL: 9684
1222 #UTIL: 9555
1285 #UTIL: 8041
1367 #UTIL: 11424
53 #UTIL: 14801
1271 #UTIL: 12250
1279 #UTIL: 11840
1279 430 819 1472 1389 #UTIL: 8479
1279 819 1472 1389 #UTIL: 7219
1450 #UTIL: 9141
1430 #UTIL: 13440
395 #UTIL: 9324
488 #UTIL: 10101
744 #UTIL: 14467
726 #UTIL: 11877
1469 #UTIL: 8733
1066 #UTIL: 11271
405 #UTIL: 12177
1328 #UTIL: 10165
898 #UTIL: 7308
1267 #UTIL: 7520
234 #UTIL: 12690
569 #UTIL: 11692
932 #UTIL: 8262
1375 #UTIL: 8733
1211 #UTIL: 14402
1361 #UTIL: 7240
1073 #UTIL: 12765
980 #UTIL: 7740
100 #UTIL: 8580
1070 #UTIL: 13689
969 #UTIL: 7920
275 #UTIL: 12099
330 #UTIL: 14726
522 #UTIL: 8140
862 #UTIL: 10101
1336 #UTIL: 14916
834 #UTIL: 10656
1197 #UTIL: 13502
494 #UTIL: 8106
369 #UTIL: 8961
419 #UTIL: 16065
1356 #UTIL: 7360
1554 #UTIL: 8636
1502 #UTIL: 11521
478 #UTIL: 9312
999 #UTIL: 10027
414 #UTIL: 12188
1465 #UTIL: 11430
312 #UTIL: 8520
718 #UTIL: 9741
691 #UTIL: 11685
1049 #UTIL: 15327
1259 #UTIL: 7918
493 #UTIL: 12408
442 #UTIL: 9184
247 #UTIL: 9256
430 #UTIL: 8280
1241 #UTIL: 12516
130 #UTIL: 9366
218 #UTIL: 14448
915 #UTIL: 12341
1383 #UTIL: 9583
624 #UTIL: 10824
9 #UTIL: 9922
730 #UTIL: 8084
379 #UTIL: 15785
416 #UTIL: 13944
1184 #UTIL: 11928
1251 #UTIL: 14320
502 #UTIL: 16801
1227 #UTIL: 8992
1213 #UTIL: 12301
785 #UTIL: 7517
789 #UTIL: 12670
825 #UTIL: 12452
409 #UTIL: 18768
227 #UTIL: 7722
221 #UTIL: 11712
532 #UTIL: 15867
568 #UTIL: 12654
1366 #UTIL: 11311
599 #UTIL: 12519
452 #UTIL: 11904
20 #UTIL: 14178
512 #UTIL: 12056
1252 #UTIL: 11391
1220 #UTIL: 11700
1063 #UTIL: 14303
154 #UTIL: 9016
252 #UTIL: 9756
320 #UTIL: 16947
1002 #UTIL: 11308
497 #UTIL: 10472
306 #UTIL: 14652
1028 #UTIL: 8960
373 #UTIL: 12138
1432 #UTIL: 9180
1096 #UTIL: 9984
835 #UTIL: 15356
503 #UTIL: 8742
104 #UTIL: 15171
1387 #UTIL: 14658
1402 #UTIL: 10360
1290 #UTIL: 11235
1296 #UTIL: 14548
1174 #UTIL: 8853
881 #UTIL: 8507
82 #UTIL: 12150
1435 #UTIL: 10336
712 #UTIL: 17028
526 #UTIL: 11700
73 #UTIL: 11184
377 #UTIL: 10290
1006 #UTIL: 8988
1159 #UTIL: 15498
991 #UTIL: 13650
749 #UTIL: 11748
249 #UTIL: 8421
1146 #UTIL: 13878
1208 #UTIL: 12341
1204 #UTIL: 10152
329 #UTIL: 7307
492 #UTIL: 9381
152 #UTIL: 10115
742 #UTIL: 12350
617 #UTIL: 7527
322 #UTIL: 13112
1306 #UTIL: 10127
1372 #UTIL: 11205
884 #UTIL: 12480
868 #UTIL: 15392
394 #UTIL: 12520
1056 #UTIL: 11713
105 #UTIL: 13020
883 #UTIL: 13041
1550 #UTIL: 8869
609 #UTIL: 13986
1116 #UTIL: 11377
1142 #UTIL: 11800
1324 #UTIL: 12578
574 #UTIL: 10680
606 #UTIL: 12720
1272 #UTIL: 12152
650 #UTIL: 8370
8 #UTIL: 12691
274 #UTIL: 16456
889 #UTIL: 8211
417 #UTIL: 11424
668 #UTIL: 14933
819 #UTIL: 11634
1200 #UTIL: 8415
464 #UTIL: 14952
11 #UTIL: 16497
418 #UTIL: 14536
44 #UTIL: 12298
727 #UTIL: 7640
727 1399 1426 #UTIL: 7208
305 #UTIL: 14238
111 #UTIL: 17052
219 #UTIL: 11844
774 #UTIL: 12005
556 #UTIL: 13975
555 #UTIL: 12960
1455 #UTIL: 10364
1165 #UTIL: 12690
1439 #UTIL: 8400
1077 #UTIL: 15455
816 #UTIL: 10992
365 #UTIL: 17424
376 #UTIL: 9988
1237 #UTIL: 13750
1136 #UTIL: 15162
907 #UTIL: 17100
1080 #UTIL: 10074
1107 #UTIL: 9990
1315 #UTIL: 9612
890 #UTIL: 12789
951 #UTIL: 9457
1451 #UTIL: 7614
832 #UTIL: 15552
421 #UTIL: 11210
346 #UTIL: 9752
55 #UTIL: 15750
1543 #UTIL: 10912
703 #UTIL: 13959
863 #UTIL: 14006
824 #UTIL: 10550
1540 #UTIL: 14432
1463 #UTIL: 8514
1416 #UTIL: 12788
1068 #UTIL: 8229
321 #UTIL: 12291
812 #UTIL: 14696
1442 #UTIL: 10332
1431 #UTIL: 10434
1431 1281 339 772 988 #UTIL: 9768
1431 1281 339 988 #UTIL: 8216
1431 1281 772 988 #UTIL: 8788
1431 1281 988 #UTIL: 7236
1431 339 772 988 #UTIL: 7552
136 #UTIL: 13932
137 #UTIL: 17020
1029 #UTIL: 8736
1250 #UTIL: 10368
860 #UTIL: 10296
1088 #UTIL: 15604
235 #UTIL: 17395
22 #UTIL: 10763
449 #UTIL: 15867
1217 #UTIL: 7239
383 #UTIL: 14300
882 #UTIL: 12201
753 #UTIL: 8882
153 #UTIL: 14144
584 #UTIL: 12173
1374 #UTIL: 13872
1473 #UTIL: 13452
1310 #UTIL: 19102
1384 #UTIL: 12593
434 #UTIL: 7384
823 #UTIL: 15435
24 #UTIL: 10726
1362 #UTIL: 8046
634 #UTIL: 11881
1556 #UTIL: 10335
530 #UTIL: 16168
702 #UTIL: 18048
878 #UTIL: 9724
1351 #UTIL: 9352
941 #UTIL: 18565
922 #UTIL: 12950
1456 #UTIL: 8784
1345 #UTIL: 16927
1210 #UTIL: 9681
231 #UTIL: 14575
270 #UTIL: 11424
121 #UTIL: 11920
1121 #UTIL: 17802
1293 #UTIL: 8352
831 #UTIL: 8848
940 #UTIL: 11360
260 #UTIL: 11592
1417 #UTIL: 13357
992 #UTIL: 9486
445 #UTIL: 14878
916 #UTIL: 15163
191 #UTIL: 12054
1453 #UTIL: 14928
1394 #UTIL: 10870
756 #UTIL: 13393
903 #UTIL: 14616
1516 #UTIL: 15792
625 #UTIL: 9821
1257 #UTIL: 9505
271 #UTIL: 10902
1104 #UTIL: 13965
685 #UTIL: 9333
1281 #UTIL: 14404
1281 339 772 988 #UTIL: 8358
1281 772 988 #UTIL: 7378
149 #UTIL: 11952
1094 #UTIL: 18473
575 #UTIL: 13769
108 #UTIL: 9417
1547 #UTIL: 12614
1357 #UTIL: 11653
1254 #UTIL: 14680
357 #UTIL: 11520
1089 #UTIL: 10621
200 #UTIL: 12190
54 #UTIL: 12889
300 #UTIL: 14700
724 #UTIL: 13230
751 #UTIL: 11607
1076 #UTIL: 14580
937 #UTIL: 19133
276 #UTIL: 18528
278 #UTIL: 18480
1264 #UTIL: 11985
813 #UTIL: 7967
1081 #UTIL: 15423
1048 #UTIL: 11713
236 #UTIL: 9412
30 #UTIL: 8319
266 #UTIL: 10692
946 #UTIL: 13965
1150 #UTIL: 15631
1045 #UTIL: 21090
49 #UTIL: 17238
1348 #UTIL: 14326
489 #UTIL: 13014
382 #UTIL: 10044
1007 #UTIL: 13166
640 #UTIL: 13209
474 #UTIL: 16192
891 #UTIL: 12844
1001 #UTIL: 12852
520 #UTIL: 14840
1278 #UTIL: 14382
1308 #UTIL: 12642
1118 #UTIL: 13178
1347 #UTIL: 9912
189 #UTIL: 16215
386 #UTIL: 10927
1380 #UTIL: 19548
1110 #UTIL: 17920
308 #UTIL: 11554
1399 #UTIL: 10324
924 #UTIL: 14850
1538 #UTIL: 12912
80 #UTIL: 17060
1093 #UTIL: 15174
1340 #UTIL: 13107
1444 #UTIL: 11088
772 #UTIL: 9894
508 #UTIL: 17055
27 #UTIL: 16165
435 #UTIL: 14433
283 #UTIL: 15288
447 #UTIL: 17856
448 #UTIL: 9086
1518 #UTIL: 20416
844 #UTIL: 15888
446 #UTIL: 20625
323 #UTIL: 15400
614 #UTIL: 18522
639 #UTIL: 15415
1472 #UTIL: 12760
963 #UTIL: 12000
918 #UTIL: 18414
67 #UTIL: 10416
83 #UTIL: 20563
1508 #UTIL: 19116
1497 #UTIL: 19406
1338 #UTIL: 10656
1180 #UTIL: 19890
1160 #UTIL: 14344
408 #UTIL: 11000
1423 #UTIL: 16116
1398 #UTIL: 17002
580 #UTIL: 12532
728 #UTIL: 11528
422 #UTIL: 17616
170 #UTIL: 14720
387 #UTIL: 13014
1368 #UTIL: 19525
1493 #UTIL: 16632
1291 #UTIL: 12642
246 #UTIL: 17655
1464 #UTIL: 14800
1426 #UTIL: 21692
175 #UTIL: 19635
1390 #UTIL: 12415
1282 #UTIL: 18232
281 #UTIL: 14465
313 #UTIL: 16245
391 #UTIL: 8777
326 #UTIL: 13091
988 #UTIL: 24187
470 #UTIL: 18259
222 #UTIL: 22910
602 #UTIL: 13696
179 #UTIL: 17875
545 #UTIL: 9419
1161 #UTIL: 21540
304 #UTIL: 13607
1012 #UTIL: 19861
1389 #UTIL: 15254
272 #UTIL: 22678
69 #UTIL: 16430
225 #UTIL: 22951
1292 #UTIL: 24642
1373 #UTIL: 25560
