1 5 9 18 19 21 25 26 36 45 56 67 89 94 97 99:37464:5280 414 3300 504 1653 4716 4961 1250 5719 2130 300 4470 282 1125 96 1264
16 20 21 23 26 30 33 67 78:18612:6027 4224 3668 168 125 945 1015 1043 1397
4 11 15 17 29 34 36 40 44 51 59 64 68 79 84 91 93:37784:1242 28 495 108 1368 4922 1463 1134 1350 1862 208 6288 1935 6762 960 7200 459
10 18 32 33 37 41 44 49 62 74 77 80 82 88 91 94 97 100:40237:1380 342 1919 29 1106 6550 486 3948 4848 28 126 1598 198 5850 6600 2205 1728 1296
1 16 20 22 27 40 48 49 59 69 70 74 79 88 92 100:38145:5280 2337 9408 864 32 1890 2730 3612 468 3096 2340 144 552 2080 2232 1080
3 12 14 20 54 64 70 72 78 81 83 98 99:49614:852 6550 2993 2688 7544 6288 1248 188 5080 667 2432 8976 4108
6 7 22 39 42 49 52 63 68 73 76 82 84:26159:301 124 888 2950 4644 924 3535 1261 258 6612 2622 660 1380
5 9 23 28 40 45 46 53 57 60 61 62 78 79 81 91 92 94:28190:230 1584 504 2132 2205 1846 841 1984 186 2208 3773 3838 3937 828 290 200 434 1170
16 20 22 37 40 52 62 76 91 93:23347:1722 5952 24 4898 2016 505 2727 1104 3400 999
4 6 17 28 31 37 39 71 84 89 93:23464:6624 1935 200 2340 1290 3792 2596 1739 720 1175 1053
8 17 25 29 36 40 46 53 55 57 64 74 82 83 84 86:33902:1598 124 4235 1512 4522 2520 696 960 2914 1674 5633 144 1386 1856 2700 1428
2 5 26 37 45 65 68 80 100:16332:1040 230 100 6636 2982 1443 3225 136 540
28 30 37 38 39 45 48 61 63 77 85 90 98:30796:1976 882 7742 2244 1121 994 78 3157 3686 147 108 4785 3876
52 66:1430:1212 218
9 16 17 24 26 31 36 37 39 52 60 72 75 76 80 87 99:32117:6204 3444 72 216 25 1350 399 3318 649 808 3312 1034 660 2484 1462 1624 5056
42 83 85 91:15693:3483 2752 1458 8000
4 13 14 29 35 37 38 47 52 54 59 79 80 82 83 87 89 91 100:52534:6210 2074 2044 1296 1086 6636 2040 2856 2323 9016 286 5934 850 495 2368 560 423 5200 837
7 12 15 19 37 40 43 52 58 62 69 72 73 78 82 86 97 100:45071:1178 4323 1188 3828 1264 2394 2987 3131 3264 2020 1720 470 6840 5715 561 1470 2016 702
8 20 24 47 58 65 71 76 82 89 94 95:21055:1739 1152 204 1680 3400 1170 666 2070 1221 2209 1800 3744
16 37 57 68 87 98:12992:123 5214 558 1677 728 4692
40 48 75:5721:1197 3744 780
22 24 51 69 70 91 100:16175:1032 72 2254 4214 1404 6200 999
33 34 40 48 55 92:9641:1392 107 2898 780 2108 2356
10 11 12 16 28 36 43 47 49 50 65 68 76 84 90 92 100:37052:828 336 5109 1599 1976 4655 2884 840 840 2296 1872 645 2967 1620 5610 1922 1053
13 19 26 31 40 78 89 97:10044:2928 1131 475 240 2646 1016 1128 480
11 14 31 49 68:11008:672 1606 630 2940 5160
3 4 16 27 35 36 51 57 62 71 73 78 85 88 94:43356:7455 6762 4182 768 543 6650 392 124 3838 740 4788 2540 2484 1820 270
1 2 6 27 28 32 62 70 88 100:24284:3696 1560 1849 1184 2236 2020 2424 2184 6240 891
22 41 45 60 70:3943:720 524 71 1380 1248
11 38 42 47 59 63 66 69 72 76 80 82 92:31525:532 4794 5031 2100 234 3395 4687 3784 987 1794 850 1353 1984
10 21 53 62:6502:2392 2096 1408 606
29:1584:1584
11 12 22 24 26 31 42 44 50 52 54 55 59 62 63 69 78 82 86 100:43212:364 6157 216 114 1200 240 5934 1944 2240 2727 6256 2356 364 1515 4268 1634 1270 1089 1974 1350
1 6 7 10 17 29 30 36 45 69 82 83 90:26572:1188 86 992 4416 28 2376 1953 2128 3053 2752 1353 1792 4455
62 77:2660:2525 135
3 4 6 39 46 52 55 62 63 66 96 97 99:37119:8946 1380 1634 2832 551 404 434 2626 4171 3706 2501 192 7742
8 27 54 57 59 64 77 82 92 95:18711:1880 256 1840 2914 26 2489 78 1320 1860 6048
1:2508:2508
25 33 35 53 65:9299:2904 1073 3258 192 1872
6 8 12 13 18 25 27 37 38 44 61 72 84 93 96:28069:1462 1457 4716 2867 198 1573 576 4108 1938 2052 3773 47 1740 891 671
24 41:1453:12 1441
2 4 15 26 30 58 60 61 83:14426:2210 828 990 975 1197 68 3956 1386 2816
10 30 33 42 59 64 69 82 91 96 97:18035:1288 1134 116 6063 650 1572 516 165 600 2379 3552
27 33 41 64 91 94:14506:576 609 131 3275 9600 315
2 3 11 14 16 21 27 33 35 51 56 66 70 71 83 84 89:27600:2665 3834 420 292 2829 3144 1344 928 724 1813 60 218 2132 1110 2752 2160 1175
21 27 51 55 56 71 84 85:14744:7598 768 98 1798 760 1406 480 1836
5 14 25 30 32 38 66 79:18407:115 2190 1573 2646 707 3570 3052 4554
4 6 13 16 18 22 26 33 34 38 44 51 55 60 69 80 85 90:31538:4968 86 305 2091 414 1032 25 812 2033 4590 918 196 1550 3404 774 816 594 6930
95 100:5265:4320 945
5 7 25 36 37 45 51 59 63 68 75 80 85 86 97:24136:805 62 4356 4655 4108 568 1176 637 1455 1548 420 476 378 1764 1728
10 14 22 26 50 65 66 75 77:14944:2668 1314 600 350 2408 1287 5450 720 147
14:1679:1679
23 26 42 48 49 51 55 67 70 79 85 97:26877:384 975 4257 546 4200 1372 1302 2831 2184 3036 1566 4224
1 27 31 32 33 35 40 52 80 85 87 91 97:27976:4356 1344 30 808 899 5068 2583 3838 884 702 1624 2000 3840
9 21 23 33 36 37 43 44 45 51 59 77 78 83 88 97:25546:3432 4454 540 348 1596 1580 206 1404 1207 196 260 69 3810 1408 4940 96
2 7 51 56 73 84:16465:2535 372 686 560 11172 1140
4 6 12 19 21 33 39 53 56 74 82 87 91 94 97 98:30005:2208 1161 5371 1392 524 638 590 320 300 60 1287 784 7600 1530 2976 3264
48 67:6399:1482 4917
10 12 26 29 31 53 57 58 61 65 78 89:27208:3036 5764 1150 3312 390 2368 992 1700 2618 663 3429 1786
13 14 20 24 25 28 35 37 39 45 49 58 65 70 79 83 99:32965:1952 2847 3648 12 121 572 2172 3318 1416 1065 3864 1700 156 2236 966 2496 4424
11 15 16 28 32 42 44 46 71 73 76 79 80 86:28663:1344 2475 4182 1664 1616 1032 1026 1218 1517 6156 1311 2760 1564 798
2 6 19 20 29 33 41 43 44 48 49 73 74 83 91 98:47406:2470 473 1653 2496 2304 116 4847 1133 2268 3354 2604 6612 88 3072 8000 5916
64 87:1532:524 1008
1 5 17 21 23 33 44 52 59 77 87 88 91:25289:4224 138 68 4978 204 29 378 3939 143 102 2296 2990 5800
13 39 63 66 74 87 95:12448:915 2065 3880 2180 112 560 2736
18 62 63 92:6723:450 4343 194 1736
7 8 10 30 31 52 68:11923:899 752 368 756 660 4747 3741
4 9 14 33 36 37 54 55 60 61 62 70 76 77 83 84 88 95:42841:4278 3432 949 87 1729 7742 6440 496 1196 1617 4141 1300 2484 36 896 1500 3510 1008
2 6 8 9 22 25 34 38 46 59 69 70 72 85 98 99:40521:2145 1548 1974 1716 1200 3630 4815 1734 1131 13 86 1872 1645 2052 9588 5372
3 4 10 14 16 24 28 37 44 48 58 61 74 82 87 98 99:44848:6603 6072 644 2336 1599 282 624 7110 648 234 1088 385 120 693 1232 7752 7426
7 27 30 35 40 44 56 72 85 95:16243:155 1376 1512 3077 2079 648 80 1880 2700 2736
4 13 16 21 27 31 35 39 40 41 49 58 68 77 94 97:31133:6072 549 5904 1310 736 210 2353 2891 441 3930 3864 1292 645 24 720 192
4 14 49 56 86:10118:1932 2920 4116 520 630
6 24 26 64 85 88 94:7657:1720 228 825 1441 378 1040 2025
1 5 7 8 10 16 17 21 24 39 41 50 52 61 63 64 89 91 97:43585:5544 644 651 2209 3036 3690 120 2882 126 2773 2358 448 2525 462 4462 4192 2303 4200 960
1 10 11 21 37 38 44 53 64 77 79 93 96 97:25723:3300 3128 1148 2096 3318 1020 1836 448 4454 132 2070 54 2623 96
23 29 44 52 53 56 61 83 86 88:11978:24 936 2592 1515 448 920 231 2304 798 2210
4 5 10 35 67 70 74 86:12381:690 920 2024 1267 6556 52 32 840
6 20 30 41 42 45 63 70 83 84 91 93 95 96 97:34853:731 4224 504 524 2451 2272 4559 676 1344 540 7200 540 4752 1464 3072
43 67:3629:2884 745
2 15 22 25 28 36 40 43 45 46 48 53 57 70 71 76 84 100:33775:975 3267 288 3025 2496 1197 2646 1854 1846 377 3432 2816 806 2444 222 3381 2460 243
7 11 15 21 25 29 31 34 36 43 48 50 65 66 83 84 96:47266:1178 616 4752 11266 5687 288 270 3424 5453 2987 1482 1624 429 4033 2816 900 61
2 3 5 12 14 23 32 35 37 41 55 82 92 95:32313:845 1491 920 3537 730 12 4747 8869 4740 917 372 165 2232 2736
28:1300:1300
2 3 10 12 23 26 34 35 38 43 45 54 65 75 77 82 91 93:34821:2015 4686 4232 655 132 50 1177 6335 1632 1133 2272 4784 1482 720 108 495 2400 513
12 14 32 35 36 51 52 58 69 71 85 93:29685:3537 3504 5050 5249 2793 735 707 1904 1892 777 2538 999
1 12 25 28 45 47 53 56 67 76 79 80 84 89 93 98 100:40365:5808 4192 242 2496 1420 3108 1344 720 7301 2760 4002 1190 1860 376 243 3060 243
5 16 19 20 21 25 28 33 38 49 52 54 61 72 73 74 79 88 91:53629:92 3936 2349 6720 7074 3509 1768 1392 1428 2604 3737 6440 154 1880 4788 72 3726 1560 400
5 8 16 20 27 31 38 43 51 66 69 78 79 83 87 88 91 99:48667:276 1410 1968 5760 1472 450 4998 2369 980 5123 2924 3429 2760 2368 952 4680 5800 948
69:3096:3096
2 15 17 20 28 30 31 39 42 53 58 61 66 67 69 78 83 95:30283:2665 1287 124 384 1404 63 1140 944 2064 2176 1428 3234 5014 1639 4128 381 1344 864
3 21 23 27 33 38 42 44 45 53 54 55 66 68 94:49366:7668 8908 240 608 1189 3366 6063 1620 142 640 6624 2790 2071 5547 1890
1 2 16 21 33 34 38 56 68 75 79 82 87 88 90:34781:3300 2080 4551 3406 203 3210 3774 900 4773 840 1518 1056 2800 390 1980
1 14 17 18 31 34 35 48 70 81 93 100:27346:4356 219 44 558 1200 3959 9050 2184 2600 1421 702 1053
5 7 13 14 18 22 36 48 62 88 90:19056:345 186 610 1022 864 120 4256 2886 1717 780 6270
4 5 23 46 50 55 58 60 67 68 86 93:20577:3174 529 528 638 2576 1364 3332 1840 3725 516 1302 1053
21 72 80 93:11672:8908 799 1020 945
24 33 37 42 54 96:13134:222 1102 632 1806 7176 2196
12 16 20 25 55 64 67 75 77 83:22364:1310 738 3264 605 2542 6288 4917 750 30 1920
70:2080:2080
11 15 16 18 25 43 61 63 71 81:14596:308 3465 4059 576 1210 309 77 2522 1258 812
3 10 20 38 45 62 72 77 87 91:18214:2769 1656 2880 2244 710 3030 376 21 2128 2400
6 7 27 37 41 44 57 93 96:16909:731 1333 1504 4266 3406 2214 372 216 2867
17 19 22 30 37 38 41 46 47 57 67 68 69 76 81 83 86 95:40071:200 1566 48 756 6636 1530 1572 899 3696 2976 2682 4773 1376 3174 1421 832 1470 4464
18 25 32 44 49 58 62 66 69 77 79 90 99 100:30332:450 363 4747 378 420 1904 4949 2507 172 51 3450 8085 2370 486
4 8 13 15 16 37 43 44 49 52 58 62 64 72 78 80 84 86 90:42601:2208 1410 2379 3564 1845 632 3811 1458 1512 707 1292 5050 1572 376 3429 1258 1440 2058 6600
19 29 66 70 93 99:10515:1218 1512 654 1716 675 4740
6 86 98 99:12757:903 462 9180 2212
6 8 11 12 16 18 30 35 39 44 52 61 62 74 75 83 87 93 100:29349:1935 846 1316 1310 4305 450 756 724 472 1836 4242 3234 3838 64 270 1216 672 837 1026
1 4 7 20 30 51 60 66 78 85 88 97 99:35821:1848 1656 31 6144 441 2303 1932 1090 3556 1998 3640 4704 6478
1 15 21 24 28 32 35 41 43 45 46 47 50 79 84 86 97 98:50242:4092 3366 1572 78 2132 3232 8688 4323 721 3124 696 4200 224 6762 1980 504 3936 612
20 27 41 47 54 60 65 67 83 85 88 91 93 99 100:42824:3264 1568 2620 3780 3496 4048 1443 4172 2752 2646 4550 1200 621 5530 1134
4 30 42 47 52 63 70 76:22025:6486 2835 3870 3444 3131 582 780 897
18 22 23 26 33 35 36 65 75 78 79 82 84 86 92 95 98 100:30095:558 408 372 750 493 3439 2793 1599 390 2921 6072 858 1440 2016 2356 2448 1020 162
3 5 16 24 30 33 34 40 78:20276:5964 483 615 144 3150 841 2354 756 5969
3 16 25 31 36 56 76 78 87 91 96 100:35647:1065 2460 3872 780 5719 40 2760 5207 1904 8400 2684 756
1 35 51:8002:3828 3439 735
4 6 8 15 17 18 25 26 28 30 41 42 48 53 61 62 69 82 85:39911:6486 86 1175 297 52 522 3267 675 1352 2142 4323 3741 3900 3136 3311 3535 1032 231 648
3 8 11 14 21 36 49 51 52 67 73 76 78 87 91:50327:4686 517 644 219 9694 3990 2352 882 3333 1788 5016 2139 2667 2800 9600
7 8 26 29 37 42 50 51 58 61 68 78 79 83 96:29413:558 2350 800 2016 1106 2193 1456 980 1632 77 903 5588 5934 2112 1708
36 50 57 68 74 77 78 82 93 94:13724:4123 2296 806 387 108 54 3556 99 1350 945
14 15 73:16742:1898 4356 10488
31 40 45 53 73 74 76 97:17744:1200 2772 1562 704 6840 148 966 3552
17 23 26 31 46 82 87 93:3875:176 60 875 210 464 1617 392 81
4 30 32 53 62 63 73 78 79 87:26180:3036 1764 2929 2368 1818 2231 5016 6350 276 392
52:1111:1111
28 30 37 53 59 68 85 95:18803:2392 3087 4740 2688 52 516 1728 3600
6 12 25 28 31 32 35 38 39 40 45 61 63 69 79 86 88 92 99:44325:1677 917 4114 1144 90 4949 7240 3264 2360 1953 2343 154 970 4128 1380 42 780 1922 4898
59:507:507
5 10 19 22 29 30 32 33 41 49 54 57 59 65 73 76 80 92 96:32166:1127 1564 3132 48 216 882 4444 754 917 2436 6072 620 286 858 2280 828 1088 2418 2196
16 41 42 45 48 50 51 52 61 76 78 81:24662:3813 1441 1677 1136 2730 2800 1764 4343 77 1725 2286 870
10 52 61 92:6497:1932 3434 77 1054
69:1204:1204
1 3 4 5 6 7 15 28 32 37 40 45 50 51 66 69 81 91:50328:2508 6390 4830 575 602 558 891 2600 3939 1264 1197 2272 1568 1764 4796 4214 1160 9200
19 44 58 96:5372:1392 1404 136 2440
6 26 40 63 80 100:8222:559 500 504 4559 1020 1080
42:1806:1806
91:6600:6600
10 16 30 32:9449:4140 3444 1764 101
4 17 23 27 34 50 51 53 60 69 75 79:15575:5520 168 444 1024 107 56 196 832 1104 3010 630 2484
2 15 23 26 30 34 39 40 46 85 95:19802:520 1386 552 1050 567 3210 2950 2646 1305 1728 3888
1 6 11 24 30 32 40 48 69 76 79 87 89:23747:3696 2064 168 12 2394 1010 504 1482 3182 3243 1518 2688 1786
6 16 22 25 27 29 42 43 53 63 83 84 90 93 98:36742:2107 5043 792 3993 1344 432 6192 2060 384 3686 320 1500 4125 1296 3468
4 7 11 22 48 83 96:7905:2070 1023 28 1200 78 1920 1586
14 25 32 34 75 79 85:21665:2263 5445 3434 749 1320 6348 2106
24 30 52 53 62 76 91:19696:174 1449 3434 2944 4646 1449 5600
19 20 22 23 33 55 65 77 85 87 90 92 95 99 100:32755:1740 8448 24 96 406 620 1755 117 2376 1456 4950 2728 5904 2054 81
4 5 7 9 25 51 63 70 84 96:19384:6624 1058 744 792 2057 1029 1067 2080 1920 2013
7 23 31 66:3468:527 180 690 2071
13 16 23 34 45 68 76:19145:2989 3813 96 321 3337 6450 2139
10 23 35 42 50 54 58 69 82 96:22411:1104 528 1991 6450 2184 8280 408 86 99 1281
1 2 7 8 31 36 43 48 54 79 92 95:35923:132 3185 899 141 1230 6517 3605 2964 3864 3726 2604 7056
33:406:406
8 18 26 30 32 36 43 50 63 73 84 89 95 100:31428:1974 702 400 1764 3939 4123 2575 2240 388 5928 2820 1551 2592 432
4 6 8 10 11 12 18 41 47 56 58 63 71 72 81 83:27133:5658 473 1880 92 672 2751 324 2096 1008 280 1904 2813 1295 2115 1276 2496
24 74 79 85:8728:150 16 6348 2214
44 54 73:14914:1350 2392 11172
6 25 34 35 36 62 68 69 70 71 78 98:28954:2021 121 3638 3801 3591 4141 1677 860 208 1776 5080 2040
3 5 20 35 40 50 51 53 64 84 89 98:34533:10224 920 4032 543 2961 1848 1176 1152 2489 1860 188 7140
2 5 14 25 28 30 31 32 60 70 72 74 75 83 88:25813:2990 460 3212 1815 2340 756 330 3737 1104 2132 141 16 30 640 6110
14 26 27:5646:3358 1200 1088
1 7 11 27 33 42 43 62 84 86 99:18581:5016 1457 1008 704 116 4128 2987 1111 360 588 1106
38 59:3754:3468 286
10:3220:3220
24 38:4662:72 4590
5 64 66 98:3502:115 131 3052 204
3 8 15 17 27 29 41 50 51 54 60 61 66 67 71 72 83 93 96:33269:4899 658 2376 120 384 1440 1572 2128 2254 4232 2668 1309 1635 2831 1813 1316 448 27 1159
24 37 89 92 100:12122:180 6794 1974 2418 756
36 49 52 56 75 80 83 100:7592:266 2016 1414 80 240 510 2688 378
2 16 18 52 53 60 61 72 78 100:18221:780 4428 72 707 1984 3220 2387 2209 1651 783
11 12 14 17 20 28 29 34 59 68 85 89 94 95 96:26729:448 1703 1752 20 7488 936 2232 642 208 3999 2484 893 495 2880 549
2 3 6 11 15 24 28 31 33 46 49 53 68 72 77 82 94 99:29360:325 5751 1032 1316 3960 258 1144 1440 1276 1334 2184 1280 387 987 138 1023 1575 3950
2 3 15 18 26 32 39 52 56 60 68 69 80 83 89 90:42646:390 6390 4455 180 325 3838 2596 4545 900 3036 2967 2580 136 3008 2350 4950
1 20 23 35 41 43 44 54 64 72 80 86 99:30222:1188 1728 108 1448 2227 2163 2214 9016 786 940 612 840 6952
11 18 20 25 32 38 56 63 67 89 96:27590:784 306 4416 3630 1919 4488 640 3007 6854 1363 183
2 45 89:5391:2470 994 1927
2 4 5 7 14 18 24 29 35 36 39 50 52 62 71 85 97:31099:130 5520 322 868 3285 684 6 504 3439 1995 1829 2408 3333 101 999 972 4704
2 6 11 14 19 26 42 46 86:18471:2990 387 644 1971 3741 800 5418 1218 1302
5 15 22 23 49 51 55 57 59 60 64 71 74 78 80 86 99:30236:161 2970 336 576 2352 1421 1798 1054 650 4048 3537 148 28 381 986 1890 7900
52 75 79:6753:909 600 5244
17 28 35 37 38 39 54 60 61 75 76 82 94 96 98 99:35828:92 312 1086 2212 4182 649 9016 1288 1386 120 2760 1551 1530 488 3468 5688
4 7 11 15 16 18 28 34 40 43 55 56 58 68 74 75:33223:5934 1240 1316 594 4059 756 624 3959 2394 206 2542 640 1700 6063 116 1080
3 30 56 64 96 97:18579:6390 2520 860 6157 732 1920
10 21 23 30 33 44 53 54 63 66 67 69 75 76 77 79 92 93 100:38869:552 10218 156 126 406 378 3008 4968 3589 4469 1639 2064 120 3243 90 552 1860 1296 135
4 22 30 39 40 48 57 62 67 69 76 80 81 94 98:34165:2484 1056 1512 2360 2709 2184 1302 2525 4768 1634 2208 1292 1189 2250 4692
2 17 37 45 55 56 65 77 83 86 88 90:15116:130 108 2528 284 620 600 1599 111 1408 1008 5070 1650
49 54 72:11769:2772 7728 1269
7 23 27 28 31 33 46 96:9893:1519 588 864 1820 1410 1015 725 1952
13 17 38 51 53 59 63 69 84:12679:1525 148 714 1862 2176 325 3977 1892 60
24 49 100:3612:204 3192 216
1 8 10 17 18 26 30 35 38 54 55 57 65 75 80 82:30554:1980 1222 2576 176 882 525 2457 8688 4488 920 1364 186 702 1440 1496 1452
20 47 60 82 99:7721:1344 924 3588 759 1106
10 20 23 32 42 69 79 90:16186:92 6144 312 1818 129 86 4140 3465
2 12 18 24 29 30 34 57 60 71 72 79 86 90 99:31923:2470 1310 414 60 1080 2835 4494 1736 1932 1258 423 4002 1932 1815 6162
13 35 36 95 98:20950:610 8507 133 3744 7956
8 21 24 25 28 41 44 54 56 57 69 75 85 86 91 94:40041:2350 7074 222 2662 1716 1048 1782 5336 860 1302 344 1350 2160 2100 7800 1935
7 26 39 44 56 82 87:7440:31 1125 1770 972 740 1122 1680
17 19 23 25 28 39 42 45 48 52 55 59 75 79 80 91:33343:68 3654 456 2299 1872 236 5547 2627 2496 4343 2914 273 420 3036 102 3000
3 62 66 74:11513:7668 3232 545 68
17 24 34 57 83 90 95:9688:16 168 963 124 704 7425 288
2 11 22 37 42 46 75 93:14473:1105 1092 264 6636 2193 1392 900 891
6 53:3316:1204 2112
4 5 23 27 35 40 49 56 80 98 99:24813:6624 46 156 1344 362 315 3444 160 1530 10200 632
4 10 12 13 25 38 52 53 58 60 62 82 83 85 94 100:41346:4140 3680 5109 1891 4961 1224 3030 2944 2448 3404 202 1122 2304 2484 2025 378
6 7 20 25 29 31 34 48 60 61 70 71 74 77 87 88 89 90:39914:1978 806 6720 4235 3528 1080 3317 780 2116 3465 2132 1258 48 132 2688 1560 2256 1815
30 36 39 46 66 71 77 78 87 88:25886:2898 1729 2360 1131 3270 1073 144 5969 2632 4680
2 10 21 29 33 37 39 40 49 50 57 58 61 68 80 90 91 95:51441:520 644 6288 3600 377 5056 59 1575 1512 2576 1612 2584 924 2322 1598 8250 8200 3744
67 100:1760:1490 270
6 15 22 23 37 41 42 63 67 76 77 80 88:25026:2064 1089 456 444 1264 1179 2322 3589 2682 3036 111 680 6110
11 12 15 27 30 55 60 63 65 70 84 90 98 100:30178:280 524 3267 1440 1512 1798 3128 4365 1872 520 2400 2805 5916 351
25 60 75 85:8392:3388 2760 840 1404
1 54 55 79 83:11548:5544 552 1364 1656 2432
26 42 43 63 85:15224:675 4386 4944 3977 1242
64 87 90 98:19809:4716 2520 8085 4488
30 99:7736:1890 5846
4 18 21 26 37 41 45 66 69 82:30083:4278 288 9956 50 3318 6419 2130 218 3096 330
41 55:3847:3537 310
1 13 15 21 24 27 31 39 40 66 68 73 83 84 85 94 97:40305:2772 1403 4950 8384 144 224 630 1180 693 3052 5805 3876 2368 1140 702 1350 1632
10 13 18 24 28 36 48 50 54 60 66 69 70 85 93 95:24737:460 366 684 288 104 5985 3120 1120 368 3680 545 1032 2080 2106 351 2448
53:1216:1216
1 6 10 18 24 37 62 81 93:13404:1452 645 2024 828 156 6478 1010 406 405
11 20 29 35 42 68 70 74 86 90:34045:868 5568 3312 3801 6192 3870 2340 48 126 7920
1 11 13 17 21 24 36 47 55 58 68 80 91 92 98:29719:2244 1232 2684 76 6026 168 1596 4200 2108 748 2451 1462 3200 1116 408
22 41 63 71 74 77 84 90:10648:408 2751 776 1073 168 57 300 5115
60:2944:2944
5 50 56 61 67 76 81 87:16954:667 1848 680 2310 7301 1449 1131 1568
11 12 14 17 30 59 74 75 81 88 89 90 96:20176:532 3013 3358 168 1827 338 176 660 464 6370 658 660 1952
3 9 13 21 25 38 43 45 46 73 76 82 92 94 97:50600:639 3696 2623 12838 5929 1020 1854 1420 1044 6156 3105 1056 2914 1890 4416
4 10 11 29 33 37 48 49 51 52 55 67 72 80 81 83 85 90 94:39670:5658 3312 336 2016 493 6320 2574 504 1421 404 248 4321 1316 102 406 2880 1404 4785 1170
24 62:1724:108 1616
87:1064:1064
2 4 5 17 22 24 34 38 58 82 85 86 90 94 96:23218:780 4278 437 160 48 180 4601 4794 1020 330 2484 588 495 1620 1403
2 11 15 25 27 28 36 43 44 61 64 72 89 91 95:28441:2405 1036 1485 5082 576 572 399 1545 1350 2618 393 987 1081 2000 6912
29 42 50 73:15698:3024 6450 2576 3648
19 22 24 82 83:5100:3306 600 96 330 768
7 9 22 24 28 48 54 65 79 88 98:30105:992 5676 504 180 988 3588 9200 117 828 1300 6732
5 7 9 10 12 23 25 26 29 43 46 57 68 71 87:28501:989 310 1848 2944 6026 120 5929 275 432 1236 580 1178 2838 1332 2464
20 36 44 46 51 71 94:14213:2496 5054 1404 841 1127 1221 2070
51:833:833
1 52 73:17211:3696 3939 9576
8 60 82:2717:1175 552 990
1 5 30 38 51 72 75 82 84 85 90 97:28586:5808 1058 819 3366 637 2303 420 891 2880 1350 6270 2784
7 11 28 31 33 35 36 42 43 49 51 52 54 56 62 63 70 74 91:47084:992 756 1144 300 696 1629 3857 4902 1339 2184 2303 1010 7912 300 4242 3298 1248 172 8800
10 22 29 40 41 43 46 50 70 74 78 86 94 97:25332:4048 456 360 1512 5895 2884 522 56 1352 104 5461 504 450 1728
16 36 37 39 79:14193:2952 532 4740 1829 4140
13 23 25 32 39 51 56 58 59 69 72 74 81 89 91 94:21234:2928 228 1452 2222 2183 1617 80 1972 390 860 1739 4 667 1927 2200 765
5 22 42 44 47 54 56 58 67 72 75 84 94 95 97:29362:368 408 645 2268 3612 9200 840 1496 1192 564 1290 2520 495 144 4320
41:3537:3537
42 57:5152:3354 1798
3 10 13 14 17 30 33 36 37 81 86 90 99:38832:7881 368 1403 2044 68 2583 1073 6517 2528 1450 882 8085 3950
3 18 19 25 34 37 59 65 76 78:26783:852 198 1653 5203 3103 4898 507 1872 3036 5461
9 16 23 28 72 81 82 86 90:14120:2640 4305 108 2288 470 580 1617 462 1650
11 71 83:3369:532 1813 1024
26 71 80:2435:525 1332 578
25 40 47 52 53 54 55 64 90 92 97:28229:4477 630 756 1111 2816 2576 1302 3406 5115 1240 4800
6 23 46 50 68 71 93:10595:1505 60 1073 1624 5547 111 675
45 81 89:3266:1207 696 1363
5 6 10 13 18 23 43 48 51 54 55 63 67 68 74 76 79 82 90:38435:253 1892 3312 2135 774 492 412 3354 1960 7728 1054 1455 5066 903 52 483 1104 726 5280
1 26 55:4504:4092 350 62
3 12 13 14 19 23 25 35 46 49 51 54 77 78 84 85 86 95 97 99:55744:3834 4847 1525 73 2697 324 3267 8869 493 2940 1764 8280 60 2413 180 648 756 5328 4128 3318
23 52 53:4310:252 1818 2240
24 28 35 48 50 55 66 93 100:21012:66 2028 8869 3588 1904 620 2398 378 1161
2 5 7 19:5849:325 966 1426 3132
3 10 13 15 17 24 28 33 45 46 49 58 64 65 73 74 78 84 86 97:32456:6390 92 2684 990 168 24 312 928 781 203 2604 136 5764 1209 4332 68 635 600 1848 2688
3 7 25 44 49 52 72 79 80 86 88 90 92:24914:639 1178 2420 54 2604 3636 893 1794 1224 1134 4160 4620 558
7 12 49 56 64 72 80 86 87 97 98 99:29490:1085 3799 2604 920 4061 1363 306 462 2016 2592 2856 7426
8 9 14 15 29 32 42 51 55 60 63 64 66 74 78 87 88 91 96:40364:1269 1848 2555 1089 1296 3939 129 1617 2046 2208 1261 3275 3597 76 2667 2296 4420 3800 976
25 29 38 39 41:15227:2299 3456 4590 2655 2227
2 9 15 18 24 27 44 45 46 56 74 79 81 86 99:17833:845 3828 99 414 6 224 918 1349 1102 1000 60 5934 58 1680 316
10 11 39 43 48 54 96:13708:2944 784 2537 824 2028 2944 1647
2 47 51 61 82 97:11083:2470 1260 196 1925 1584 3648
1 7 28 38 48 51 59 64 69 73 75 76 78 84 90 94:29404:1716 1488 1404 1326 3822 735 234 3013 2150 4104 510 1242 1270 360 5445 585
2 21 23 25 30 34 44 49 51 56 66 85 90:34994:520 10218 444 5687 2835 2675 1242 3612 539 460 981 2646 3135
10 39 45 67 78:13827:1748 1652 71 4768 5588
57 73 85 89 100:10554:1550 6156 2484 94 270
3 10 12 16 35 42 62 67 71 72 77 82 94:34642:7668 1748 4061 5289 2353 129 1717 6854 814 1927 60 1617 405
47 78:5058:2772 2286
31 47 54:7226:690 2856 3680
1 9 14 31 34 39 40 48 61 63 65 71 78 80 82 90 97:38428:1188 1848 876 510 3210 1121 3087 1638 2926 2328 702 1036 4826 1564 1155 6765 3648
12 21 42 46 49 90 95:24962:1048 6812 3999 1247 1680 5280 4896
5 6 8 10 16 24 25 67 73 78 97 99:30242:1081 946 1692 3496 5043 108 3509 1043 456 5842 864 6162
1 7 10 19 20 23 32 50 56 57 63 69 76 78 82 83:30211:2112 1457 2024 174 9024 372 3737 1008 180 1984 1164 1720 1863 1016 264 2112
64:1310:1310
47 94:2016:756 1260
12 32 42 67 74 77 84 85 86 90 95:25359:3537 3131 1806 3427 180 87 1440 2376 798 7425 1152
1 4 9 15 24 30 31 34 38 41 43 48 60 71 72 76 88 90 91 93:44419:4092 4830 5412 1584 30 2331 930 1712 2346 1572 4326 936 1012 1591 517 966 1170 6765 2000 297
1 2 13 15 18 26 43 45 51 58 59 67 71 75 76 84 92 97 100:22705:1056 2990 183 1287 198 1025 618 1207 1568 544 169 1490 1739 960 552 720 1116 4608 675
28 43 44 64 76:8919:1300 3296 648 3537 138
1 11 13 24 25 28 29 50 52 55 63 64 73 76 78 80 85 86:33313:1320 784 1891 186 2541 104 2304 1792 3939 1550 2522 2882 5244 2622 1524 1598 216 294
73 95:9312:4560 4752
28 76 78:6621:208 1587 4826
33 39 45 48 50 57 60 62 64 66 68 90:23572:696 1711 1988 2652 1512 2976 2576 707 1441 1526 2322 3465
3 69 71 79:13476:9585 1462 1739 690
12 60 63 93 100:7154:1965 1564 1843 648 1134
28 32 33 53 79 84 86 87 88 96:19332:676 3636 1334 1600 2484 1620 1764 560 2730 2928
10 16 17 18 32 48 49 53 59 61 62 65 76 79 82 87 89:24529:2852 123 156 108 3232 156 1512 1280 312 2849 2020 1209 3174 1794 693 2072 987
8 9 16 20 33 36 49 53 69 92 93 96 97:32782:2021 6072 2091 3648 406 4788 2184 2496 3354 2108 405 1769 1440
6 38 58 92:7500:1290 3774 204 2232
5 14 29 37 40 51 61 63 67 77 84 87 93:23440:46 1898 2232 3476 1638 441 1232 1552 7152 48 1980 1232 513
9 17 20 24 29 31 41 54 59 60 69 74 76 77 81 82 83 90 94 100:29759:1452 184 6528 240 648 570 1310 7728 624 3404 2236 176 345 81 87 660 1728 660 855 243
2 4 13 14 17 18 53 73 85 93:21206:715 828 1769 2628 188 252 1344 10944 2430 108
10 37 43:7549:2392 316 4841
2 4 26 33 35 37 42 65 87 97 99:27825:2925 4968 550 783 181 4898 2064 1404 2240 3072 4740
40 54:1114:378 736
10 71 85 96:7060:3220 925 1512 1403
1 4 5 7 18 36 39 49 53 59 63 68 86 98:31937:3696 1656 322 496 36 2793 1652 420 2432 507 194 5805 1932 9996
17 19 21 23 35 57 59 61 64 70 71:20070:152 3306 1310 36 9050 1488 286 1155 1048 1092 1147
7 9 24 46 49 50 60 63 64 68 88 89 92 93 98:34016:651 3168 162 1276 1512 1680 1564 3977 3013 2967 1430 1128 1798 918 8772
15 19 20 28 31 34 60 72 74 78 81 93:27419:3267 1740 8640 364 570 3317 4232 2115 76 1905 464 729
6 7 9 12 15 19 22 28 30 33 34 40 51 54 59 64 68 83 96 100:35605:1161 1178 264 3406 1980 4002 312 2288 1764 1305 1819 2142 1421 5152 520 2358 3612 576 183 162
27 34 45 49 62 79 87 97:23728:1568 4815 1349 420 3838 5106 2408 4224
8 46 89:3812:1833 522 1457
38:2448:2448
14 23 26 27 29 38 42 55 64 68 76 81 85 91:33799:657 72 250 1248 3096 4794 4128 992 4454 903 2829 1334 1242 7800
2 4 11 17 23 37 73 76 77 82 84 88 91 97:31770:1040 2484 280 156 504 2686 5472 2691 54 297 3000 4810 8200 96
3 4 20 32 38 45 52 54 64 65 66 82 85 90:25279:1278 414 6144 101 2550 1065 101 5704 1834 1755 436 198 2214 1485
69 100:3144:2064 1080
3 6 15 21 32 39 43 48 55 58 70 75 82 85 95:21651:3408 860 2277 786 505 1121 1133 2496 1116 2244 260 960 1551 1350 1584
32 44 46 96:5056:808 1836 1131 1281
2 30 41 43 54 56 64 70 76:25167:520 3087 5240 4635 5336 740 1441 2236 1932
9 19 20 25 44 55 58 71 81 89 93 99 100:28957:660 2262 6336 2420 1404 2852 1156 629 928 2162 1242 6636 270
21 30 37 60 78 100:13222:2358 315 4582 1196 3556 1215
7 20 27 29 34 40 46 56 65 69 75 80 87 91:27230:217 6720 1600 1368 4601 630 841 480 507 3096 930 1496 1344 3400
6 24 25 26 31 39 47 48 56 77 79 83 88 90 93 97:35909:1978 12 5324 375 450 2478 2940 1638 680 45 4554 1024 6500 5775 1080 1056
11 24 30 32 50 54 59 86:13360:1120 294 1071 3333 2072 3312 520 1638
5 8 13 16 22 35 42 54 56 63 92 95 96:36092:69 2068 2013 5904 48 4706 4257 4416 60 3783 248 7056 1464
36 50 73 77 95:18318:3059 1456 7068 111 6624
1 3 20 27 58 60 73 82 83 86 96:28586:660 4260 6528 928 748 2944 4788 825 3136 1512 2257
6 21 22 31 33 34 44 51 66 69 80 89 90 92 93 98:27227:1849 524 144 570 1247 1177 216 1862 4142 1892 612 2256 1320 1736 540 7140
15 31 41 49 52 70:7732:1584 1380 1703 2184 101 780
47 52 60 64 89 92:9273:1176 2121 1840 1965 1551 620
16 35 62 69 76 77 92 99:10687:861 2534 2222 2408 483 81 992 1106
1 5 11 14 16 25 26 30 34 39 43 48 49 59 60 74 77 82 90 92:35287:4224 230 532 1387 3567 726 450 2016 4173 354 2369 3900 1680 273 2392 120 75 858 5775 186
2 4 5 9 14 16 20 30 32 33 46 53 57 59 60 66 67 69 92:38678:1105 1518 575 3828 292 2583 6144 441 3232 1160 1160 1792 62 403 736 4033 3278 4042 2294
14 16 30 34 39 56 58 59 67 72 73 74 95 99:22459:2190 1353 1134 2247 1770 320 1360 390 2831 1410 3648 84 720 3002
13 16 17 22 25 26 43 62 77 80:17444:2623 2952 116 480 4719 25 2678 2121 30 1700
3 19 39 40 42 50 85:18952:7668 3828 1888 1386 3096 168 918
5 13 31 52 58 63 67 87:13986:1081 1647 420 2222 1836 2231 2533 2016
94:1305:1305
1 3 7 21 46 50 51 90 91 100:31569:396 10650 217 8384 319 2744 1764 4620 1800 675
9 33 37 65 86 89 95:10110:2904 725 316 1170 966 141 3888
28 44 47 60 62 71 82 85 90:14999:364 1674 336 4232 1919 555 165 1134 4620
27 43 60 62 63 72 77 89 90:25945:1280 4017 4048 3131 4268 705 105 141 8250
20 23 32 43 47 50 53 89:11788:2112 216 909 1648 1008 2464 3008 423
12 15 32 49 55 60 77 79:16356:2358 3663 3737 672 992 2576 12 2346
1 8 13 23 31 33 41 63 70 77 88 90:31103:3564 1081 2379 432 60 522 6419 1552 468 6 6370 8250
3 14 22 30 38 39 41 50 54 57 58 73 74 75 87 91 93 95:52247:9159 511 24 1575 1836 2124 1310 2800 3128 1364 1768 9120 56 1320 2688 7200 1080 5184
52 95:6720:4848 1872
65 83 90:4983:1053 960 2970
9 37 41 46 50 57 60 78 85 87:22395:3696 1896 5109 435 336 2418 2116 5461 648 280
4 15 28 30 32 41 52 60 70 75 79 83 84:30450:1242 3267 416 1449 505 3668 3737 3680 2132 960 5934 640 2820
7 11 12 14 56 65:12713:155 1260 6157 3358 340 1443
7 9 11 13 15 21 22 38 53 72 77 89 92 94:31400:1426 4224 700 2501 1188 13100 624 306 832 2209 93 799 3038 360
1 9 13 17 19 46 69 71 84 93 96:22888:5148 5544 2867 72 1131 1189 1204 740 2340 945 1708
3 12 13 15 24 26 32 33 36 37 46 49 51 53 60 65 76 87 97 98:42534:10224 655 2501 1980 102 350 505 203 1064 7268 957 84 686 1600 4140 1365 138 1008 768 6936
34:5136:5136
11 14 16 23 25 29 34 35 36 46 62 64 74 78 87 91 92:38267:1316 2044 3198 516 1694 3600 963 3982 3458 116 1010 5371 72 1143 448 7600 1736
54 58 86:3030:184 2720 126
6 7 9 14 19 20 26 28 31 37 42 46 60 63 66 77 95:41258:516 248 528 2263 3132 8448 825 2080 1050 6004 5031 986 1932 3104 2180 51 2880
17 21 23 30 36 53 57 61 74 80 81 82 97 100:27363:12 12576 336 2205 5453 64 992 693 52 646 812 1056 2304 162
3 28 84 93 99:12116:4473 1352 360 243 5688
29 47 58 59 69 92:8103:1944 924 2176 429 1204 1426
25 28 75 81 86 94:5787:363 624 450 870 1680 1800
9 28 33 35 36 38 51 67 71 72 75 81 87 91 94 99:34843:3564 1196 348 7421 3458 816 833 447 777 94 900 986 1848 3400 855 7900
4 48 60 65 75 76 99:16118:4002 2808 4232 897 180 207 3792
60 75 82:981:276 540 165
13 14 16 17 18 29 31 38 46 50 62 67 68 74 83 88 89 90 93 97:40598:1342 3431 3936 44 576 1584 1260 2652 435 2072 4040 3427 3354 184 192 5590 329 4455 351 1344
38 39 47 52 54 61 65 76 82 84:19514:1122 1298 2352 1313 7544 77 1365 3450 33 960
33 34 44 51:5448:1218 2675 918 637
18 68 89 96:7634:720 5547 940 427
10 12 13 17 18 23 26 29 39 43 64 69 71 75 83 89 100:30740:2024 5895 2440 104 288 540 700 1944 2950 3502 1965 2064 481 210 2176 2350 1107
25 34 68 72 88:10359:847 3103 1290 1739 3380
4 9 24 56 73 74 92 95 97:27138:2760 3960 186 120 6612 172 2480 6048 4800
10:2576:2576
7 15 27 58 61 82 98:12135:1364 594 704 2244 1694 231 5304
15 48 50 56 65:8244:2970 2964 1568 40 702
17 33 35 44 63 71 73 74 81 87:22346:68 145 6878 864 4171 1554 6840 144 58 1624
4 22 23 26 32 36 39 40 43 51 53 57 58 60 61 65 74 85 94 99:39060:6210 864 48 1150 2020 2394 649 1449 1133 2107 1856 2604 2652 3220 1771 39 132 1836 1080 5846
1 17 21 26 31 35 76 99:20685:3432 164 6026 25 180 543 2415 7900
14 20 22 23 25 26 42 59 66 70 88:16931:2336 1536 1056 192 2420 1225 2064 377 109 1196 4420
15 17 19 22 29 30 33 49 54 63 67 70 79 82 92 98:32337:3861 140 1653 192 144 2016 319 1596 3864 1940 7301 2028 828 1419 1364 3672
11 13 36 44 46 52 58 64 78 79 89 98:24124:644 1159 5586 648 145 3838 1156 3275 1524 1380 893 3876
60 67:4443:2208 2235
8 20 24 36 46 66:9099:423 960 72 6650 667 327
50:2688:2688
13 16 38 67 69 93:16193:3050 5781 4998 1192 1118 54
4 5 11 22 31 38 40 42 46 53 58 68 70 85 99:31559:6624 1104 1232 1128 1380 1122 2205 903 1305 832 2108 2064 2340 1998 5214
13 24 39 59 60 66 67 68 77:16201:1037 252 708 195 276 2071 6556 5031 75
5 7 15 39 59 70 75 81 95 99:18940:483 992 1881 1062 13 1664 390 1305 7200 3950
11 17 22 45 48 59 72:3917:280 172 144 1207 624 221 1269
3 38 44 49 72 92:18938:9159 4284 1404 1764 1645 682
11 14 21 23 24 30 44 76 88 97:22970:1372 3212 5502 276 156 2646 1188 3450 1040 4128
5 7 30 36 38 42 59 61 72 74 96:18209:943 1116 252 6384 612 3225 247 3157 1363 56 854
3 4 6 16 18 20 27 29 36 70 75 81 85 86 92 97:32359:3195 2484 258 3813 432 2112 1152 3240 5719 884 1290 1450 1512 588 2790 1440
4 20 38 47 53 54:23574:3726 2304 5100 2604 640 9200
63:3880:3880
2 18 43 46 59 74 79:9942:195 558 2060 29 494 120 6486
7 13 23 32 33 43 44 45 47 66 68 78 87 88 90 94 98 100:43450:806 1525 120 4141 145 2369 2214 2698 756 4033 6063 254 1512 6500 4125 1620 4488 81
7 12 14 60 64 73 76 78 83 86 94:27688:1023 3275 2263 736 1179 10488 3105 1778 1408 1848 585
2 11 14 16 18 22 30 34 44 46 48 54 57 61 62 74 82 97 99:36323:2145 280 2774 3690 378 912 630 2354 1458 1073 1638 6256 62 847 2222 108 594 4320 4582
3 4 18 35 57 87 90:16909:4260 6624 360 905 1798 2632 330
2 11 15 19 23 44 58 64 73 79 80 82 84 99:42628:715 560 2673 3741 540 1296 1700 3406 10944 6762 1190 1287 1020 6794
8 14 53 86:3490:141 2117 896 336
3 10 12 18 29 37 43 46 47 54 56 61 69 75 77 82 88 95 99:37296:426 92 3537 72 2160 5846 103 1015 2100 4600 160 924 2236 300 111 594 3900 5328 3792
22 24 29 37 49 51 56 61 65 66 75 76 78 85 88 97 100:32302:504 168 72 4740 1092 49 800 3080 1755 2943 300 3450 5715 1782 260 4512 1080
15 23 26 28 29 30 40 41 47 54 58 86 88:17787:2574 360 25 52 864 441 693 2096 420 7360 2516 126 260
15 20 54 66 74 81 89 90 92 100:36182:3366 7104 9016 2180 116 1363 2350 7755 1798 1134
11 13 20 21 26 34 38 40 46 49 51 55 56 69 74 90 93 95 96:39031:616 2257 5760 5240 225 642 2448 819 551 2016 1029 744 840 3784 80 5775 1026 4752 427
28 35 64 89:9881:1352 3982 2620 1927
2 6 13 16 20 22 24 28 30 38 45 55 61 66 68 70 95 100:47894:3250 1849 427 5781 6720 336 222 1144 126 4488 1633 2852 770 3597 5934 2132 6336 297
31:1080:1080
42 77 83:1811:387 144 1280
10 21 23 25 35 38 62 74 91:28454:1196 13100 144 5445 905 1632 4040 192 1800
32 38 46 64 72 95:11483:2424 204 174 4585 1504 2592
4 5 8 13 18 31 37 41 51 54 56 63 68 72 76 77 86 88 92:42106:4830 1127 2021 854 540 360 7742 5240 931 6440 540 1358 903 1410 2346 30 378 2080 2976
4 54:12144:4968 7176
15 18 19 26 33 42 50 58 72 74 91:28087:4257 342 2871 900 580 5031 728 2380 1410 188 9400
23 93:528:204 324
58 72:2013:1496 517
10 14 19 26 37 38 42 60 78:16547:276 3431 174 125 7110 1428 2838 276 889
11 19 24 28 32 40 62 76 80 81 87:12938:1232 261 54 1716 3333 189 1414 2208 816 203 1512
4 5 39 40 55 57 58 70:13597:2208 299 2950 1260 2604 2108 1700 468
3 8 14 20 22 31 32 33 39 44 45 50 54 58 63 67 70 80 81 99:45262:8520 329 1168 4032 1200 480 4444 406 767 378 710 2240 1656 1360 2328 4917 2392 1122 493 6320
5 7 13 18 20 21 36 45 46 57 58 61 70 71 72 74:28116:552 589 61 828 960 10480 1330 2059 29 1922 2584 1694 1040 1517 2303 168
8 27 52 79 85 86 93:12721:752 576 3434 5934 108 1134 783
18 31 43 78:5569:144 60 412 4953
18 22 25 39 46 93:7903:792 720 5808 295 261 27
2 5 6 10 14 15 24 42 49 53 58 65 75 81 85 91 100:34886:2860 920 1892 3864 1606 1980 204 3225 4116 3008 1972 1287 1230 493 2322 2800 1107
17 18 29 45 47 49 64 69 86:16311:88 540 2664 355 1008 4200 1572 3784 2100
2 15 20 29 33 42 43 44 46 47 48 68 75 85 94 98:35760:1105 2277 7872 2664 957 3354 1236 1566 812 420 2730 5934 360 2376 1485 612
2 27 32 43 47 50 76 84 90 100:24034:2665 672 5050 2472 3864 392 414 2100 6270 135
13 60:6398:2074 4324
3 19 22 28 30 43 61 80 82 85 87 90:18665:6603 609 936 2340 63 1339 847 1428 726 594 2520 660
19 23 27 38 59 60 73 88 95:15815:174 468 480 3876 351 2300 912 3510 3744
8 11 29 40 42 47 57 79 81 88:23878:1504 392 1440 1134 2322 4116 248 6900 232 5590
2 5 19 27 33 45 50 67 72 75 77 81 92 93 96:25704:1040 552 2958 1120 783 1988 1456 7301 1034 810 57 1421 2728 1053 1403
39 44:3537:1593 1944
10 12 13 34 38 44 51 71 74 78 85 99 100:22386:1472 1834 1830 1498 4284 108 882 1110 52 5334 54 2686 1242
3 39 50 55 61 74 81 85 94:21885:10437 2891 672 1178 2387 164 232 2484 1440
12 13 14 17 19 26 34 36 39 43 65 68 73 76 78 79 88 92 95:33195:524 1098 3066 200 3567 700 214 133 1711 1030 1092 129 1368 1173 2794 4968 5200 2356 1872
6 7 10 14 22 31 40 42 49 53 55 64 67 80 87 97:31757:516 62 2852 3431 264 690 1449 3870 2688 1088 2046 5502 1937 442 1848 3072
5 18 60:4132:690 774 2668
31 35 48 50 51 69:17361:930 7964 1248 2520 2205 2494
7 20 22 30 45 58 91 93 96 98:22889:1302 2112 1176 567 2769 2720 2400 1161 2562 6120
19 36 37 47 49 62 91 100:26044:4350 1463 5056 420 1008 2424 10000 1323
8 9 11 23 27 28 37 38 39 47 50 51 56 67 73 78 89 98:46364:2303 5544 252 276 128 2132 1896 3060 1357 2436 504 441 380 7450 9120 4318 2115 2652
45:3053:3053
1 8 17 37 40 60 69 79 92 94:22158:3432 846 176 7426 1008 3588 774 2070 1488 1350
25 39 40 81 85 91:11077:847 2596 1008 1102 324 5200
3 24 40 61 85 95 98:17717:7668 48 2331 770 756 5328 816
32 33 44 45 63 66 70 98:10867:2121 406 1080 568 485 2507 1456 2244
3 17 45 70 82:3788:213 128 2130 624 693
36 57 64 80 86:13049:6118 868 4847 544 672
3 7 8 10 14 22 23 43 44 46 66 72 73 75 78 80 82 88 97:32862:1491 279 2068 1564 3139 264 132 103 2160 87 763 799 9804 360 2032 272 495 2730 4320
1 16 23 29 41 52 80 97 98:31351:5148 6027 60 2304 5895 4343 578 2304 4692
3 9 16 42 43 57 93:16208:2982 3036 738 6063 2266 124 999
27 32 40 57 58 99:12438:1152 2020 2394 1984 2992 1896
56 84:540:360 180
12 16 19 22 23 26 28 39 42 51 58 60 62 72 89 91 96 97:40041:3406 4059 348 240 204 175 572 649 3354 2303 2720 276 4747 1222 799 9200 1159 4608
35 54 60 62 65 68 70 77 80 86 91 97:27173:181 2392 1564 4646 663 3741 572 120 1598 336 8000 3360
5 11 40 53 68:7961:920 1400 630 2560 2451
29 33 59 69:6426:1584 348 624 3870
7 25 36 47 67 70 84 85 89 90 92 97:29222:961 5929 3192 3780 447 1092 1980 702 1457 6930 1984 768
10 12 15 28 29 36 37 43 44 50 54 57 61 69 78 79 90 99:52098:4048 2227 693 936 3024 5852 4108 515 1620 2352 2944 2914 77 2580 2921 5934 4455 4898
3 11 12 14 22 25 28 54 58 71 98 99:33010:3408 56 3537 3139 72 4719 884 5152 1156 259 9996 632
37 89:5475:4582 893
3 8 10 11 16 26 30 40 42 57 63 68 73 74 83 93:34648:3195 2209 1564 812 492 1025 315 2331 5418 3038 679 3225 7752 52 1920 621
9 18 36 52 66 88 99:18622:3168 360 2261 808 2725 3770 5530
5 25 36 85 86 92:16853:874 3630 5985 2592 672 3100
4 19 24 25 27 33 43 66 68 69 87:29869:5244 2610 84 1573 608 377 4841 4905 5805 1806 2016
11 60:4764:532 4232
26 50 69 79 93 99:19217:950 1904 1720 6762 297 7584
2 25 34 48 54 64 68 85 98:32947:2860 3267 5350 1170 8648 1572 1290 1242 7548
10 44:6284:4232 2052
2 5 39 41 57 70 88 91:10165:520 759 1239 393 2356 1248 3250 400
2 6 18 26 32 49 61 62 64 65 66 78 80 96 100:25425:2470 1505 288 50 4949 2100 3157 3737 1703 975 1853 1143 136 549 810
4 8 14 24 27 31 41 42 48 61 65 66 73 77 86 90 99 100:38988:6624 893 803 6 288 30 4061 2322 3588 1309 1638 1417 9576 135 126 5775 316 81
7 35 48 53 70 82:9436:1550 543 3354 1792 1768 429
6 9 11 18 23 24 32 40 51 58 64 67 70 71 83 87 88 93 99:27845:1419 1056 868 504 108 252 505 504 1421 2176 6026 3129 2600 1776 128 1736 650 459 2528
7 16 27 31 38 39 60 61 62 82 98:30148:186 2460 704 1080 4080 531 2024 3465 4545 1485 9588
12 38 40:9938:6419 2448 1071
20 25 29 43 49 57 58 59 63 66 69 74:19157:768 605 3528 1030 3780 806 2108 351 1261 1308 3440 172
2 9 15 26 27 30 32 42 51 55 66 68 71 75 80 81 84 89 92 99:34256:1235 396 594 925 832 2709 2323 4386 1176 620 3488 5934 1221 870 1190 290 2460 2209 1240 158
25 97 99:9539:1089 3552 4898
3 4 11 19 32 36 38 46 69 76 77 78 83 93:32157:10224 5934 168 2001 2121 3990 408 1305 2752 207 96 1016 1152 783
3 8 13 16 21 22 34 41 53 55 61 79 90 92 95:47742:8094 94 976 1230 8908 1128 5243 3668 3200 2852 770 1518 7095 806 2160
18 25 42 70 77 80 87 99:15738:306 4356 5289 572 69 102 1568 3476
35 55 65 72 77 97 100:14983:4525 2976 663 1551 9 4800 459
28 40:4145:2444 1701
1 2 7 13 14 24 29 52 58 59 63 64 66 76 83 86 88 95:43469:4884 650 31 2867 2701 102 1440 3333 1156 468 4268 6288 5232 69 2688 126 2990 4176
15 18 28 31 38 40 42 50 51 62 69 74 77 81 84 85 91 93 94:34815:4158 900 1560 1200 3060 2583 4386 1064 1176 101 2322 24 66 1334 1740 2160 6000 891 90
38:4692:4692
6 10 21 34 38 40 41 57 63 69 74 83 84 90 91 92:39143:1462 1748 8646 1284 2550 1827 5895 186 3977 4042 152 640 1800 3300 1200 434
34 38 45 54 60 61 76:21801:107 3468 2911 5520 3496 2849 3450
8 38 61:8414:1974 4284 2156
1 7 16 25 29 33 34 38 41 44 48 49 59 60 71 75 76 80 92:26433:4356 124 2337 1936 432 493 428 2652 4454 2646 702 1512 117 92 74 270 552 714 2542
1 4 5 22 34 38 68 70 73 76 81 82:34539:4224 3588 644 168 1712 3774 5160 1976 10032 1035 609 1617
4 16 20 26 30 33 35 42 47 49 51 54 64 68 75 96:35648:4830 1107 192 1000 2835 1392 4706 5676 2772 1092 196 184 524 5289 1230 2623
7 38 43 59 88 97:9796:217 2448 309 52 5330 1440
5 8 10 12 33 39 44 46 60 68 76 86:22047:1035 1457 552 393 1392 2537 2484 203 4140 2967 2829 2058
4 14 32 35 41 53 58 63 65 84 94:28083:3312 2044 1313 8326 5764 128 2992 1552 702 240 1710
21 40 53 56 66 72 76 78 83 85 88 93:25328:11004 2331 64 520 1526 235 1242 3937 1984 216 2080 189
5 14 18 40 50 52 59 76 89 95:15403:1104 657 414 2835 1792 5050 221 897 705 1728
3 5 21 25 35 37 53 55 60 62 92 96:40761:5538 483 11004 4840 5973 1106 1856 3038 3496 606 930 1891
67:7152:7152
3 11 17 47 50 51 52 54 58 62 68 74 75 85 91 92:35392:10650 1176 12 504 280 2401 3737 736 1088 1010 4644 200 810 1890 5200 1054
7 20 21 22 23 24 32 42 46 47 49 55 61 66 72 75 79 90 96:37255:93 4416 2096 1152 168 126 101 1161 1421 504 1680 1178 616 4905 1128 1440 6210 8250 610
16 25 36 38 52 57 69 70 79 82 84 87 90 100:31736:3321 2904 4655 4284 1717 558 1032 1040 5520 495 420 1680 3300 810
91:4600:4600
2 4 12 22 23 24 26 40 45 48 49 50 59 68 82 89 92 95 97 100:28702:3055 3726 786 120 180 180 200 2205 2840 3276 588 672 520 2322 132 658 2418 288 3456 1080
50 79:6544:2128 4416
12 15 26 30 53 60 68 81 85 94:23415:1965 2673 625 504 2560 4140 6192 1363 2268 1125
4 11 22 33 35 39 42 54 58 59 69 70 77 87 93:26058:4830 1204 864 116 6335 767 3870 1104 1088 260 258 1404 57 2632 1269
83 95:880:448 432
15 53 54 98:15128:4356 384 2024 8364
4 13 14 30 39 61 71 73 80 83 84 95:29148:828 1647 1387 1386 2065 231 1776 10032 612 1216 1200 6768
64 72:4265:2620 1645
2 18 20 23 27 39 48 67 82 95:12432:1625 126 4032 420 864 1121 78 2384 198 1584
6 9 20 25 33 36 38 42 48 59 62 79 98:43967:1505 6600 3840 3509 1044 2261 510 2967 3042 273 4040 6624 7752
10 13 21 25 41 42 53 68 93 95 96:23624:368 183 4716 1573 1048 4773 2048 1806 891 3168 3050
87:2576:2576
3 18 32 49 57 71 97:20739:8946 864 3737 2016 2604 1036 1536
5 9 23 27 28 30 34 42 46 59 69 74 81 89 93 94 97 98:28043:874 5148 36 1504 1872 1638 1177 2838 783 416 3956 144 551 752 351 1755 576 3672
1 6 7 9 18 24 41 42 54 70 75 77 89:25531:3432 1591 341 1980 612 186 2096 3483 7912 468 1140 81 2209
5 13 23 27 50 58 62 77 90:14208:69 1647 564 992 560 1768 2323 15 6270
1 13 16 17 25 29 37 41 47 50 58 61 69 84:32928:3168 915 2091 172 3630 2160 5214 5371 1512 1008 2856 1925 2666 240
12 31 40 62 90 98 99:29342:6026 1320 2520 5050 3960 3672 6794
1 2 8 10 27 30 38 52 56 59 65 74 76 83:18209:1980 1560 752 2392 864 1197 2142 1414 740 338 429 124 3381 896
39:2006:2006
12 27 43 57 84 93 98:11712:3537 1280 2266 186 780 1215 2448
31 45 46 55 58 60 84 91:16122:660 2130 638 1922 2720 1932 1920 4200
2 4 15 18 22 24 33 39 70 84 87 90:19077:585 5382 4356 900 984 150 841 885 52 660 2632 1650
6 16 17 32 40 43 52 53 57 64 66 68 72 80 91 94:31481:1720 4797 64 1818 1071 412 3535 768 1488 4585 1744 3354 611 204 3600 1710
5 10 17 20 28 46 47 49 62 86:18885:92 1748 84 3840 780 261 3024 2352 4646 2058
4 11 20 30 46 51 54:19013:3726 504 2496 252 667 2352 9016
16 17 20 36 44 47 52 57 63 64 74 76 81 84 96 97 99:38197:1968 200 2496 5187 1134 1512 4646 186 970 3668 156 3105 203 2820 2562 4224 3160
11 12 13 20 36 38 40 42 51 59 69 70 81 86 90 93:35656:1148 4323 427 9600 5453 1326 441 1161 147 520 1806 1352 1334 966 4950 702
14 60 74 82:5176:2993 1472 84 627
1 7 13 14 15 19 24 25 34 39 41 50 75 81 84 86:28876:6204 1178 305 3650 4950 4263 6 242 963 2242 1048 1344 30 1131 60 1260
4 18 19 38 49 52 61 66 89:18285:6210 36 696 3366 1092 4343 1232 981 329
11 16 17 18 21 22 30 38 46 47 48 51 58 84 91 93 95 100:39314:224 3444 56 216 7860 600 2016 918 1421 504 2574 1029 2992 2040 8200 567 3600 1053
14 27 30 40 48 50 59 60 61 67 82 95 99:27332:1460 1440 252 3024 2418 560 468 2576 3619 4023 462 2448 4582
9 13 19 40 55 63 70 89:11955:1056 1159 1218 882 248 4753 2028 611
1 4 34 39 41 46 72 83 91:23215:5148 966 3317 708 5109 464 2303 1600 3600
61:3696:3696
24 35:5501:252 5249
9 25 26 43 50 53 59 67 97:23011:4092 5203 425 3296 1400 2944 221 4470 960
23 43 76:7901:228 4223 3450
14 16 32 36 48 52 64 74 96 99:28589:876 3075 606 532 2496 4848 6288 124 2318 7426
2 7 14 18 20 33 39 46 60 65 71 77 79 80 85 97 99:24653:1690 217 292 180 384 1073 2832 1102 2116 351 1184 84 3450 408 864 1632 6794
9 16 21 40 41 57 61 73 82 84:19458:2772 3321 262 189 5502 496 3157 2508 891 360
8:517:517
43 50 88 91:10226:3502 2464 2860 1400
3 4 6 14 15 25 30 44 60 70 71 73 75 77 79 81 84 85 91:33936:4473 828 1548 1752 1980 1331 252 2700 3036 2600 222 1368 1350 24 6210 1160 1740 162 1200
60 65 76 98:15767:3128 1404 1035 10200
6 9 11 14 19 25 26 27 30 31 37 59 64 68 69 76 82 86 95:32345:2150 2508 616 803 174 1210 975 992 2457 420 316 299 4585 1806 1634 2691 1221 2016 5472
35 40 51 56 84:5441:2715 819 1127 720 60
1 31 38 39 48 53 58 69 85:17227:5280 480 2958 177 3900 1536 816 946 1134
36 49 53 68 69 87:13673:4256 1932 768 2451 1634 2632
7 29:1807:1519 288
21 35 45 53 88 92:11623:2620 1448 1917 576 2210 2852
12:3275:3275
17:200:200
5 6 13 16 21 36 58 66 74 84 97:27862:23 860 427 5043 6812 2926 2652 4687 40 2280 2112
2 9 13 15 21 25 36 42 44 46 63 66 68 75 80 86 89 90 93:52098:325 3960 1403 3960 12838 3509 6118 387 2430 609 3298 3597 2580 1470 1020 924 799 1980 891
3 5 17 21 24 28 36 40 60 63 67 98:42454:6603 253 168 9170 138 1040 4123 2331 1012 4656 3576 9384
2 4 13 16 17 32 40 45 52 55 72 76 82 84 87 88:30636:1040 3174 1159 2583 8 4646 1512 1136 808 2356 987 276 1023 2100 1848 5980
23 24 49 74 79 80 82:4730:564 126 84 80 2484 1326 66
3 8 18 26 34 38 77 87:18779:7455 1786 270 325 4494 3060 45 1344
19 25 28 30 48 50:10242:87 1331 1508 1890 3354 2072
7 16 18 28 34 39 45 49 50 56 60 66 68 80 87 90 91 95 97 99:53890:682 738 738 364 4815 2891 2414 2268 224 840 2024 4578 5418 238 1904 6600 8800 864 2592 4898
7 8 13 22 24 46 53 59 80 81 85 87 90 93:13138:961 611 366 1032 30 1160 2752 403 170 1392 1026 112 2475 648
2 24 50 64 65 67 80 94 98:20055:2080 48 1568 4978 975 2384 204 270 7548
11 63 68 70 75 79 87 92 94 96 99:23081:756 3686 6063 1560 120 6210 112 434 1440 488 2212
6 10 31 50 55 57 58 71 81 85 96:16911:473 3404 180 2016 1736 2294 2856 999 986 1296 671
8 10 14 17 26 32 40 61 65 79 84 90:12987:235 1288 438 56 800 2929 1323 539 156 828 2580 1815
5 21 33 43 57:9383:506 3144 87 5150 496
98:5100:5100
9 24 29 49 51 58 61 73 100:23037:4752 144 2736 3276 1911 2924 1309 5472 513
1 2 9 14 31 39 44 47 56 65 69 84 90 95:27432:1320 2860 3168 3139 390 944 1350 3276 740 585 3612 1500 660 3888
3 15 19 21 55 59 66 67 75 77 82 84:15140:1917 2673 2001 262 620 598 2834 1043 720 48 1584 840
37 48 49 52 68 77 91 99:17877:474 1014 2436 2727 903 15 6200 4108
10 11 15 18 24 35 37 44 54 58 70 78 80 92 94 96 99:34918:3496 308 198 234 174 5430 3476 1080 5704 3060 1612 2667 272 1736 2025 1708 1738
1 5 19 20 22 29 31 37 41 61 64 66 67 72 74 78 88 89 92 93:43866:2376 874 3741 2688 672 3528 1290 6636 131 693 2882 3270 3129 376 24 1651 5330 2209 1178 1188
42:1677:1677
15 21 22 37 39 40 47 51 63 64 66 67 68 76:38784:1287 7598 408 3634 1947 2331 1680 2254 1455 5502 5014 4321 387 966
1 6 29 36 41 52 72 86:21142:3960 1806 3528 798 4192 4242 1692 924
2 16 25 26 27 30 37 42 69 72 73 78 95:36622:2795 1968 2541 825 64 3087 5846 1548 3526 564 5016 2794 6048
4 11 15 20 22 25 29 38 39 40 44 50 53 57 58 75 78 94 97 99:36024:2622 84 396 192 720 3630 3168 2958 2891 1764 972 1232 576 2170 1428 1230 2032 1035 288 6636
2 13 19 21 26 30 32 42 48 50 67 68 74 76 77 83 84 85 98:46040:2470 1037 2784 12576 125 567 2424 3096 3588 2296 596 1161 56 3312 108 448 180 2484 6732
11 43 54 63 65 83:10778:1316 3605 3312 485 780 1280
2 33 36 38 42 54 58 59 64 75 78 81 85 89 91:34484:1300 783 2660 4182 2838 3680 816 377 2751 30 5207 435 378 47 9000
18 25 39 57 64 67 75 77 83 87:10323:702 3146 118 1798 917 1192 1080 90 832 448
7 13 17 24 25 27 29 30 31 42 53 66 85:13234:1550 244 168 12 3267 992 360 126 480 2322 3008 327 378
2 6 7 13 15 17 23 39 53 69 73 75 76 81 82 91 93 95 96:33428:260 774 1333 1891 1287 132 288 2360 2176 4214 6384 1440 552 957 198 6600 486 144 1952
2 4 11 12 26 35 39 42 43 44 48 49 51 63 74 75 83 87 91 100:52148:2990 3450 252 6157 700 5792 2242 4128 1236 2214 2106 1512 588 4850 116 420 2496 1792 8000 1107
38 56:2606:2346 260
45 49 94:3955:1420 420 2115
24 25 27 30 31 34 39 41 44 49 61 62 64 83 84 88 92 93 94:39405:288 3025 128 2583 1470 4494 2596 3144 2646 756 2156 505 3013 1856 1680 5070 2852 918 225
14 77:1003:949 54
1 3 9 24 30 64 66 68 85 86 95 96:28553:396 639 4488 234 2898 5371 2507 5676 1674 1932 1152 1586
13 18 21 24 26 40 48 61 67 73 78 85 93:32928:2379 648 7860 42 1175 2646 2964 3542 1192 7752 1270 1404 54
13 15 23 33 39 41 57 62 68 73 74 75 77 79 84 86 88 89 96:39709:2562 1782 72 435 1121 3406 2852 1616 516 10260 40 810 42 2622 2280 1092 5980 940 1281
8 26 46 49 65 69 90:8461:1128 1125 580 504 234 2580 2310
8 24 75 80 84 91:11063:329 156 1380 1598 600 7000
9 42 46 51 52 59 62 63 67 69 75 83 92 94:32706:4620 3999 1189 196 2323 325 3131 1164 6109 3096 720 1024 3100 1710
7 15 25 31 32 43 57 59 62 66 68 73:18541:1395 297 1331 1080 707 1339 682 559 2020 3815 2580 2736
23 49 52 62 64 69 72 88:20058:360 2688 2929 2727 131 3612 2021 5590
2 7 12 19 21 37 38 45 70 82 100:28875:2145 1302 6550 1392 9432 474 1836 2414 1248 1650 432
6 16 22 24 46 48 57 58:12171:1591 5781 504 114 783 1950 496 952
21 23 26 49:8811:8384 84 175 168
16 17 60 68 74 87 92 93:9030:1353 44 2392 1806 100 896 1116 1323
8 13 20 24 29 53 56 66 76 82 86 98:24102:376 2257 9600 276 2016 64 180 2943 1656 1584 294 2856
21 53 69 80:10024:4716 2368 1376 1564
1 4 7 17 19 29 34 35 36 40 42 46 51 55 63 66 86 92 96 97:43695:792 6624 744 180 1479 1944 3638 7602 399 2079 1032 1131 1715 2542 2813 1417 798 992 2318 3456
17 37 42 77:8990:188 4740 3999 63
1 2 8 9 23 26 40 41 47 50 59 64 68 73 84 90 91:52462:5148 1560 2162 5016 600 1225 2016 1834 3444 1344 572 1703 774 7524 480 7260 9800
10 17 32 34 43 49 51 52 56 58 59 63 64 65 78 84 90 98:47642:1564 104 2323 2782 2266 672 2205 4747 200 1360 442 1649 2882 78 5207 2760 7425 8976
16 25 34 59 79 80:13736:5904 121 2889 442 4278 102
3 22 46 77 86:7847:4899 432 1073 57 1386
4 19 30 32 44 52 55 62 75 80 92 93 96 98:22869:2070 3741 1764 2020 1998 505 124 1212 30 1190 1364 108 2867 3876
4 5 7 73 76:11551:6210 828 1054 1596 1863
9 10 11 14 44 56 70 74 80 92 97 100:20888:4488 3772 224 2993 2268 120 1716 76 544 1426 3072 189
1 12 15 19 36 41 42 45 46 49 53 61 65 76 80 94 97:29611:3564 1441 4158 3045 5054 1310 1806 639 638 2016 2112 1001 507 1035 238 855 192
3 13 19 22 26 33 43 53 65 66 85 90 96:30942:8520 122 1305 120 600 725 206 3008 1794 4796 1782 5280 2684
24 80:1340:252 1088
1 6 10 15 18 32 43 46 47 55 63 75 78 84 90 91 96:33251:3432 2064 1380 3663 234 1616 1442 1102 2856 434 2910 1050 1397 2640 3465 3200 366
66 72:5584:4033 1551
4 9 17 29 32 42 50 58 59 67 68 73 81 82 85 89 90:33140:2622 1452 72 504 101 4128 56 3400 377 3427 3741 2280 493 1089 1080 893 7425
11 12 13 15 20 21 23 31 49 59 60 61 62 63 66 70 71 91 99 100:38505:1344 1703 854 297 1536 1048 456 330 3360 65 3680 3388 2222 4074 3706 312 962 2400 5688 1080
9 17 32 38 46 49 59 68 80 88 97 99:27064:2772 108 3737 3264 348 2100 572 2193 748 260 4800 6162
4 9 10 17 26 30 32 33 43 54 60 62 67 72 76 79 81 90 97 98:55935:1104 6600 920 136 225 252 3636 580 1339 8648 2668 1313 4917 2021 2622 3450 1305 2475 3360 8364
7 13 22 29 30 34 43 46 47 57 60 65 67 69 76 80 95 96 98:48429:341 1220 840 3456 504 2033 2575 493 756 1922 3956 546 7450 2924 2691 102 5040 2196 9384
35 48 52 53:12532:7240 2574 606 2112
1 3 9 10 11 32 48 62 66 70 72 76 81 94:30383:5676 7242 2112 276 840 3131 1950 2222 3270 364 188 69 928 2115
1 2 4 16 36 37 45 51 98:31796:1716 130 5244 4059 4256 2528 2201 1666 9996
4 6 13 17 22 32 45 46 50 60 76 78 96 99:29042:4416 1032 122 120 720 2222 1846 493 1400 3772 1863 635 2501 7900
2 3 4 5 8 9 24 32 36 38 39 45 48 51 61 62 63 68 79 96:48731:2990 4686 6072 115 235 4224 174 1919 133 3264 2242 710 3120 2156 924 1818 4656 258 6900 2135
8 33 68 72 73 75 79 92:16327:1551 1392 2838 1128 4104 480 3036 1798
5 18 31 33 36 37 38 40 49 89 90 95:19072:1104 162 570 290 5985 158 510 2331 4116 282 1980 1584
5 26 29 31 33 35 36 37 40 43 46 52 55 56 66 67 77 82 92 99:44439:207 475 3240 1200 1276 8145 3857 632 2394 2060 1102 4848 310 560 3815 2086 126 924 1178 6004
4 6 16 19 50 51 52 64 67 85 89 92 94 100:33648:5520 1591 6027 4089 1232 147 2828 2096 3278 1188 1880 1054 1530 1188
7 18 22 23 36 62 77 79 81 95:13427:186 360 672 228 2527 3737 105 1518 638 3456
2 3 21:16376:390 6816 9170
3 10 17 22 26 27 28 29 42 47 58 62 71 72 77 81 87 95 100:38946:8094 3772 64 744 1250 160 312 144 3096 3612 612 4747 1332 1504 27 986 2352 5760 378
9 26 28 30 33 45 48 52 56 66 69 71 77 86 92 95 97 98 99 100:43577:5808 300 2548 504 1276 2840 3198 3434 760 3815 3784 1517 9 504 1736 6912 3168 612 474 378
6 25 30 33 36:13902:1032 5566 1827 290 5187
2 8 10 12 17 26 29 39 42 45 55 59 60 62 71 74 81 83 93 99:37600:845 1551 3956 1834 148 1075 3024 2478 3612 2485 3100 234 4324 606 1850 148 1131 640 135 4424
2 3 14 18 20 31 34 35 45 49 51 55 60 61 67 73 74 81 84:45878:845 4899 2555 144 9216 900 428 543 1136 588 2254 3038 4324 924 6258 5928 4 754 1140
25:3993:3993
20 23 47 52 56 59 60 62 66 75 79 89 92:23725:6720 600 84 909 680 416 4600 2121 5123 360 1242 188 682
10 13 15:5258:2392 2074 792
35 62 85:8073:3439 4040 594
5 11 22 30 34 35 37 45 48 52 67 81 83 85:34556:299 1176 864 2520 4708 2534 6320 3195 2808 3333 5066 87 512 1134
10 43 56 62 65 90 98:18661:3220 1751 420 2626 312 4620 5712
64:5109:5109
1:4752:4752
6 24:253:43 210
5 18 25 28 30 33 36 41 52 53 54 74 87 90:35378:989 468 2904 2392 504 1450 4921 5502 303 2176 4600 188 896 8085
15 26 57:6274:2772 650 2852
3 6 11 21 31 55 64 71 74 76 79 83 86 90:38653:10437 1634 56 2096 780 2170 4192 1443 16 3174 3450 2560 210 6435
5 11 13 16 23 27 33 38 39 47 50 53 55 56 58 60 88 93 97:35321:805 616 2318 5535 336 1376 899 1836 2832 3360 2296 1600 1426 760 1700 3036 3120 702 768
30 43 44 78 87 93 100:12040:252 1648 2052 5334 1512 702 540
47 63:4596:2268 2328
6 15 16 20 31 37 45 46 50 55 57 75 86 90 91:25833:1720 4059 246 2304 1020 474 2343 58 168 1860 3100 540 336 2805 4800
9 27 89:6954:4488 1056 1410
22 33:505:360 145
16 28 36 40 42 51 58 76 77 83 87 96 100:27533:3936 208 3990 1008 6321 1813 476 2553 27 3136 1176 1647 1242
1 2 6 9 20 38 55 61 62 64 67 75 94:27997:2904 2015 1462 4488 4608 102 248 3773 303 4192 1937 1200 765
1 12 44 49 72 76 78:16400:2640 655 2592 3360 423 3174 3556
46 53 76:4611:725 2368 1518
2 11 23 31 36 43 56 67 73 84 94 95:35527:1170 1064 444 840 6118 1236 500 4619 10716 1620 720 6480
4 7 9 13 19 22 24 31 33 35 38 40 48 56 59 70 72 79 80 99:37923:2622 1364 4752 2745 3393 384 150 1440 609 7783 2244 756 1170 420 559 1976 752 3312 544 948
5 18 37 39 43 46 67 83 90:13481:1104 522 1738 177 1339 406 3874 2176 2145
1 4 8 10 14 15 32 34 35 37 44 54 66 75 86 87 88 94 95 96:46664:5412 2208 1645 1196 2409 3663 3232 3745 2896 5846 2538 2392 218 300 1974 56 520 630 4320 1464
25 34 66 70:8401:847 3745 1417 2392
40 41 50 53 65 86:9467:1953 1703 2520 960 819 1512
1 10 16 21 24 30 44 45 49 59 60 63 78 83 84 89 97:44146:5676 4508 1722 12314 36 2520 1782 3195 504 195 460 2231 3937 512 1020 846 2688
2 35 45 70 80 99:11725:1885 905 1065 1456 884 5530
1 7 21 25 30 37 40 46 51 54 62 64 75 90 92 95:49010:6072 124 5502 1573 3150 6004 2898 174 2156 2392 3737 4323 1320 2475 2790 4320
24 33 41 50 65 79 81 90 95 96:20987:108 1421 2882 840 429 6072 667 495 5328 2745
74 85 93:1722:156 270 1296
57 92:1860:1736 124
3 20 25 26 51 57 61 74 76 84 98 99:22085:2556 576 5082 975 1078 2294 385 148 3381 2760 1428 1422
2 3 4 9 17 24 34 50 62 68 79 95 99:30806:845 1917 3726 6204 44 276 4494 392 4141 129 276 6624 1738
1 11 16 29 51 62 83 91 98:18804:3168 784 984 1008 2009 3131 896 5600 1224
1 4 24 27 38 48 52 54 55 64 66 70 84 86 88 91 98 99:36566:2376 4554 282 1088 306 624 1111 1104 558 1834 1635 1768 720 1008 780 6800 4488 5530
1 6 7 11 12 14 20 25 27 36 44 46 48 52 58 73 76 93:40988:4488 860 496 280 1703 1971 3264 3146 992 6251 2646 1015 234 1515 2584 7980 1104 459
8 24 41 55 57 63 74 81 86 88 100:13583:376 60 6157 3038 124 1455 136 232 420 910 675
72 97:2313:1833 480
5 13 14 16 53 77 91 94:18902:713 2318 73 2706 3200 132 7600 2160
7 18 34 52 56 64 94:11027:1054 900 1070 808 740 5240 1215
23 40 62:3664:108 2142 1414
5 14 15 21 28 36 49 74 75 79 84 88 91 99:32518:322 1241 2376 3406 1352 1729 3108 72 120 5106 1800 650 4600 6636
5 6 10 21 33 73 75 78 79 87 98:29859:184 430 552 6288 1334 4788 1380 2667 3864 1232 7140
11 17 19 22 23 25 37 61 97:17661:784 100 2697 1176 552 4114 3950 2464 1824
15 28 30 43 45 52 60 61 75 82 85 95 96:24644:2376 2184 378 1236 781 1818 4600 3465 660 231 1026 4608 1281
16 21 30 33 35 42 50 88 93 99:29435:1722 10218 2142 1334 7059 1290 1680 3250 108 632
2 3 10 14 16 30 31 32 33 41 44 62 63 66 74 87 90 96 100:42538:975 9372 644 1314 2337 2646 690 4848 899 4454 918 303 2328 3161 16 1680 5445 427 81
8 30 36 38 42 46 52 65 76 96 97:20295:1410 126 5852 408 4386 957 1616 1287 276 1769 2208
7 22 23 26 29 32 60 69 78:11757:62 840 144 650 1008 4848 920 1634 1651
7 24 34 41 51 58 97:13124:992 102 3638 3537 1519 1224 2112
21 22 32 33 34 44 50 53 57 62 85 98:31308:3668 264 2121 464 2033 1944 1120 2624 2294 5050 1566 8160
1 20 32 40 41 44 48 50 61 64 74 82 84 91 94 96:33227:2772 4800 909 378 4454 1350 1872 2464 1694 2751 136 66 720 5200 855 2806
3 4 5 14 18 21 33 36 40 46 50 53 67 71 72 77 80 93 94:28577:1065 3864 575 1898 468 5502 435 1729 1953 145 2632 448 2533 1258 2068 102 408 324 1170
8 34 36 44 53 54 58 77 80 82 99:24302:705 321 399 2646 2624 8096 1020 147 1258 924 6162
5 8 20 28 37 38 42 43 51 59 62 66 69 75 77 81 82 87 88 90:39918:368 1880 2304 1040 1422 408 6450 2781 1372 468 1414 1526 3956 1200 87 1276 891 560 5070 5445
5 20 29 32 39 42 58 68 72 87 92 94:32382:276 5952 3528 2121 2065 5289 1224 5289 2021 2240 1612 765
7 12 15 19 51 56 69 77 81 86 88:12468:1550 786 3267 261 637 980 1290 69 1392 546 1690
11 26 32 82 83 99:11916:952 575 4747 1254 2176 2212
8 19 20 32 38 39 55 60 62 78 81 84 87 89 92 97 98:45981:2350 2001 9600 202 2142 1947 1674 4048 2424 3937 348 480 112 188 1736 2592 10200
10 18 40 43 52 55 63 66 71 76 81 89:18757:3680 252 2961 1133 1111 1922 3104 1090 666 1449 261 1128
15 18 21 25 30 39 56 78 96 98:33729:3861 738 3406 6050 2709 1534 140 3810 1281 10200
26 33 37 49 66 69 70 76 82:13728:800 406 474 1932 2834 344 2600 3381 957
34 36 39 76 98 99:8787:1712 1862 1475 690 204 2844
1 6 28 35 38 53 70:9307:264 516 260 4887 1836 192 1352
1 3 5 12 13 17 30 33 48 51 65 69 71 80 92 96:25371:4620 4686 552 131 2867 64 1827 319 234 1078 1560 1634 999 816 1178 2806
12 39 49 59 89:10559:5371 2655 1680 195 658
1 12 35 54 82:3953:396 131 1629 1104 693
4 10 14 24 37 38 60 61 63 90:37146:6900 2208 73 84 4898 4794 2944 3465 4850 6930
16 17 22 25 34 37 54 61 64 77 81 83 85 86 88 90 92 93 99:46626:3444 112 840 5203 4815 5530 3496 1309 1048 111 1131 2432 594 84 4940 5940 2232 837 2528
5 9 13 24 38 50 54 58 61 62 64 85:20832:161 1848 1708 18 4386 672 4232 1360 924 3333 786 1404
5 39 41 60 67 69 89:12717:621 649 2489 2208 3278 3096 376
6 8 29 32 39 48 55 57 64 65 67 86:26005:1548 658 576 2626 1534 3042 1364 744 6419 1053 5811 630
4 22 30 31 35 42 45 79 83 91 96 98:33722:4278 384 756 870 4163 774 2343 6486 704 2400 976 9588
28:2444:2444
4 7 9 15 22 25 29 53 61 64 66 68 77 83 85 88 93 96 98:31919:3450 1209 528 3861 48 2057 2592 2240 539 262 109 2838 18 2176 324 5200 945 1891 1632
28 65 71:2410:1664 117 629
1 24 31 32 38 39 49 77 100:15543:5148 204 1110 909 4182 354 3528 81 27
9 31 59 66 68 91:11541:3300 180 117 3815 129 4000
87:784:784
4 19 52 63 70 79 87 95 98:27198:5106 2958 1919 2037 2080 2898 1680 1584 6936
3 5 11 13 16 22 24 31 33 38 48 77 84 85 88 92 94 99:35009:10224 690 504 2074 1107 1128 72 60 1044 2346 3276 90 1080 1188 2600 2294 1440 3792
44 47 57 59 83 92 98:18710:2214 2520 620 598 1728 2666 8364
4 9 22 28 44 48 49 55 56 58 59 69 70 75 85 88 89:27877:6900 2640 864 468 1458 1638 420 372 880 272 169 860 1924 720 2160 5850 282
18 61 77:1218:738 462 18
2 6 12 30 40 48 49 56 60 64 66 68 75 79 80 85 86 91 92:39073:1820 1118 1703 504 3150 1404 3360 400 3404 786 4033 6063 1170 4968 306 1728 1764 400 992
6 52:4064:731 3333
5 9 18 40 44 49 52 56 67 69 73 82 94 100:28778:529 4884 414 1764 1620 4032 3636 820 5513 946 3192 726 135 567
13 19 23 24 25 30 31 42 57 61 63 65 70 87 90 92 96 99 100:34827:2806 1740 588 72 6050 441 330 3096 2170 2464 194 234 1040 1960 5445 2232 2623 316 1026
21 27 31 62 65 67 72 73 77 79 83:32153:1572 1216 1290 4242 1911 6258 1692 5244 126 5658 2944
2 3 4 7 9 12 18 36 49 56 66 78 86 91 93 96 100:29638:780 852 690 93 132 4978 54 1463 588 340 2834 3556 672 8800 1161 1403 1242
14 19 22 47 50 63 70 82 89 92 99 100:12893:3066 1044 216 1428 896 1261 884 759 141 1116 948 1134
4 17 20 21 22 30 36 45 52 53 56 57 59 68 75 84 89 91 92 94:51210:2208 56 3264 10480 432 252 6517 923 4343 2048 460 744 455 3612 1170 1860 517 7600 2604 1665
8 10 14 31 39 47 55 77 89 97:16549:423 4416 2701 1230 2714 672 434 45 1034 2880
39 81:2082:1357 725
9 12 30 47 53 60 66 77 80 83 87 90 96 97:35650:5808 6419 1512 3192 2496 2484 2180 90 578 256 2800 3300 2135 2400
27 28 43 51 60 70 77 78 80 82 85 92 99 100:24042:1536 312 824 931 2300 988 99 5207 1156 1617 2538 1054 5372 108
14 15 57 70 75 96:12274:3285 2178 1302 2340 180 2989
9 26 35 36 42 50 53 55 57 64 66 68 77 86 87 88 89 93 94 98:46048:4488 375 7964 1064 3096 2184 2880 186 2418 2489 4905 5031 129 672 2128 3380 517 540 990 612
11 26 47:5220:672 600 3948
29:2880:2880
1 19 23 57 79 83 97:11538:3300 1218 216 1240 828 128 4608
6 7 13 15 16 17 18 25 29 40 51 56 58 63 87 94:22170:731 124 1281 3960 2337 164 432 968 1008 2961 1715 660 476 2522 896 1935
6 52 75:6151:1462 3939 750
34 38 71:8503:3852 3060 1591
18 22 32 51 83 84 85 86 99:10434:54 1008 2424 882 640 1740 2538 42 1106
88:4550:4550
70 81 100:3558:1872 957 729
4 7 9 12 19 23 28 29 32 36 51 59 69 91 100:39545:4278 744 4356 5240 4176 144 1924 3096 2727 3059 539 26 3182 6000 54
20 32 38 54 69:14706:2496 1212 714 7360 2924
4 9 10 11 13 14 27 29 32 42 62 69 75 87 92:24103:828 2772 4232 56 2989 2774 800 2808 606 645 101 1462 330 1344 2356
12 14 18 24 26 29 34 38 41 42 50 52 53 63 70 76 80 96:30962:524 584 810 60 775 1656 5029 408 4847 5289 1176 2929 2560 873 416 483 408 2135
3 7 39 44 48 51 59 66 74 88 90 100:28058:9159 1023 2596 1782 624 1568 364 4578 88 2730 3465 81
3 4 6 19 30 32 33 44 46 61 71 72 77 80 84 86 92 93 98:38980:7242 5106 1118 1044 1701 2727 957 54 522 3773 592 188 63 646 1200 1596 62 189 10200
6:989:989
5 7 18 19 34 49 58 63 79 89:22998:1127 1116 792 2523 1605 3360 3060 679 6762 1974
6 9 24 25 28 60 62 64 66 70 79 86 90 97:32285:1376 6468 264 2420 2236 920 1717 1703 2725 156 6900 1008 1320 3072
3 10 11 22 23 34 50 62 76 77 80 83 84 91:29341:6603 644 1120 1200 396 1498 2072 1313 2070 105 612 1728 2580 7400
25 27 34 47 72 77:4857:242 800 3531 84 188 12
3 10 11 44 45 54 67 71 82 85 88 89:28252:5112 1840 1344 1242 497 8648 5215 74 1089 594 2080 517
1 10 30 46 75 97:12132:4224 2760 1764 522 750 2112
11 13 16 17 24 26 42 49 62 68 89 91:25134:1064 854 369 68 270 1000 2322 588 3333 5031 235 10000
4 11 27 28 42 48 54 71 89 97:13512:4416 140 1280 52 774 1560 1656 1628 470 1536
1 5 29 35 38 44 49 50 67 68 79 87:27779:5148 782 3096 5430 1632 2160 1512 1848 894 2967 966 1344
2 7 12 14 15 16 22 27 29 32 49 51 52 54 66 72 86 89 91 99:46945:2340 527 3144 1898 4059 3813 936 384 2880 1616 420 2352 2222 6808 4796 2303 1470 987 3200 790
15 23 35 39 46 55 58 67 68 73 77 80 97:17793:1881 36 181 2124 232 2418 408 4470 774 4104 75 34 1056
6 9 26 33 40 49 57 74 99:15018:86 4620 250 290 1386 2940 2604 156 2686
21 64:8253:4978 3275
1 13 14 17 29 39 40 44 57 60 78 82 85:24971:2508 2013 1241 188 2088 2242 1323 1728 2294 2024 4445 231 2646
16 30 33 48 57:11080:4920 2520 870 1716 1054
45 54 55 66 67 88 92 100:24844:1562 7912 868 327 7301 4810 930 1134
3 9 17 21 22 31 33 41 46 57 62 63 65 73 77 90 92:29548:8733 924 120 1572 624 960 435 3537 638 186 1111 4268 741 456 123 2640 2480
89:376:376
17 25 40 42 52 57 58 60 67 76 83:23975:112 3751 2142 3354 303 930 2448 184 5066 3381 2304
12 51 58 68 75:4209:524 441 1768 516 960
6 7 9 18 27 28 33 34 55 60 66 68 71 76 80 86 87 91 95 96:38341:1505 1364 2508 468 256 208 667 4601 2418 3956 5450 129 1184 2001 34 252 1848 2800 5472 1220
9 13 15 24 35 41 44 49 56 65 66 68 86 87 88 91 93:27818:1980 1403 1089 240 5249 393 1242 840 160 78 2507 5676 42 2464 1040 2200 1215
28:1508:1508
5 13 21 22 27 35 51 57 58 62 64 65 68 86 90 93 96 100:31796:483 1830 3406 240 1536 3801 784 868 748 909 4454 819 4773 378 3135 621 1769 1242
5 11 48 49 60 76 82 90 94:14390:690 840 1404 1848 2024 1587 297 5115 585
7 22 32 48 54 67 78 82 86 91:23336:31 1032 1919 1092 5888 447 3556 1353 1218 6800
41:6026:6026
20 21 64 97:18200:9600 3406 1834 3360
4 10 25 29 33 34 39 44 71 73 77 81 91 98:34029:828 1564 3509 1944 754 321 1121 1728 1739 9348 36 957 1000 9180
3 8 13 14 18 26 34 36 44 46 47 48 50 64 77 78 79 87 91 97:43948:8733 282 366 657 396 650 856 5719 1080 1189 2100 1794 2576 1965 54 3937 6210 56 3600 1728
3 12 13 23 24 27 29 32 34 38 45 51 56 59 64 68 69 86 89 98:50265:8520 2882 793 60 78 864 3384 909 4922 2448 2698 343 200 312 1703 6192 3010 168 987 9792
10 16 23 36 53 65 67 70 79 80 89 91 98 99:26900:3220 123 444 4389 128 1599 3278 2288 3450 748 799 4400 612 1422
1 6 30 41 43 44 83:18118:3696 2021 2268 3144 2575 2430 1984
10 29 31 47 52:12093:920 3168 270 4200 3535
31 40 46 68 82:6469:660 3087 406 1161 1155
11 20 21 28 38 46 54 59 64 70 84 85 88 97:32048:1316 6912 7860 468 204 464 1472 364 5764 52 2880 1620 1040 1632
13 15 18 21 25 28 33 38 53 59 60 61 63 67 69 72 81 91 94:39137:2684 4455 90 4978 2299 676 899 816 3008 273 644 2156 873 6854 172 470 580 6400 810
32:3838:3838
10 23 31 42 45 62 83 87 98:21092:3128 480 1080 4128 2556 4040 1856 560 3264
3 12 25 33 38 41 49 55 69 74 93:15564:1917 1179 726 696 1326 4323 1176 1798 1720 136 567
4 8 78 79:11260:6348 423 3937 552
1 13 14 17 19 23 24 32 39 48 51 61 63 64 73 83:32151:924 1464 2263 12 3567 72 246 4444 1888 390 637 1155 1358 3275 8664 1792
21 23 70 93 94 99:10519:6550 516 1976 621 540 316
11 33 36 47 49 52 54 59 63 64 66 76 84 93 94 98:38440:1148 870 4389 1260 2520 3131 552 442 3977 5764 2834 2484 180 1053 900 6936
39 54 57 61 64 93 94 96:20222:2242 4968 1178 3850 6288 675 45 976
21 25 42 45 52 53 61 62 70 75 76 78 81 84 90 98:61012:13100 3872 3225 1349 404 2944 3234 4848 2444 480 2967 5969 870 2160 8250 4896
3 11 13 23 29 34 35 41 44 48 78 84 88:35643:10437 840 2806 300 1584 1070 5068 917 2646 468 127 2880 6500
2 6 11 19 20 26 27 31 33 47 62 69 70 75 82 85 87 88:27190:780 86 420 783 2880 1200 1184 600 754 3696 3737 172 1196 270 1584 2376 2352 3120
36 92:4183:2261 1922
4 6 7 29 47 48 69 72 73 74 80 81 82 84 98:35332:6624 1634 186 3096 168 3666 1806 2021 2508 120 1666 1247 1254 2400 6936
3 8 13 24 36 38 83 90:20038:213 188 2623 228 6517 1530 2304 6435
1 5 16 28 29 38 45 63 68 77 80 92 98 99:38647:3300 46 4674 1196 3096 3978 1704 2134 5289 66 918 1550 4692 6004
7 28 32 34 40 46 53 62 63 69 75 83 85 88 89 90 97:34812:899 1196 2121 1177 1008 870 2880 4141 4268 2322 90 2176 1782 4290 2256 1320 2016
13 19 23 30 32 42 58 63 66 97:22866:61 2262 432 693 3131 5031 748 3686 3270 3552
10 12 17 18 20 26 36 37 46 48 60 62 71 81 82 84 85 95 100:41942:644 4061 196 126 9216 350 3458 4266 841 3198 4600 2323 1073 1392 66 2640 1134 1440 918
11 18 22 34 39 43 65 66 68 69 72 80 99:27716:280 180 384 642 2360 1648 312 5450 5160 1806 470 1598 7426
22 24 28 30 35 44 50 68 71 74 76 94:16555:720 156 1092 1323 3258 648 840 3096 1554 76 2622 1170
43 54 92:7005:3605 920 2480
20 51 53 63 70 76 79:23463:6528 196 2240 4850 1300 1587 6762
6 8 43 48 51 52 58 79 89 90 97:30768:602 658 3708 2574 1519 1111 1836 5382 2209 7425 3744
47 54:6932:1596 5336
3 6 16 25 36 39 49 51 57 66 70 81 84 87 94:35215:7029 1204 4059 3388 2926 1475 2268 441 2046 2725 2444 957 2760 728 765
5 21 32 38 57 59 67 89:24049:782 5240 3939 4692 1178 182 6109 1927
63:2813:2813
7 8 11 26 34 35 44 52 53 58 59 72 82 91 95:34418:1550 893 196 200 2675 3982 1566 4242 3072 952 156 1927 495 5600 6912
5 9 11 21 45 68 74 78 80 83 91 95:31580:1127 5808 700 4716 2982 2451 80 3048 884 3136 4200 2448
19 32 40 44 55 96 97 99:21875:2349 3535 3024 1242 2852 1891 2400 4582
7 11 13 15 18 21 34 36 47 51 56 64 74 80 82 90 95 97:36683:868 728 1098 2376 594 7598 2782 1197 336 1666 240 5240 56 1632 858 4950 720 3744
3 21 32 33 41 55 59 68 71 72 75 79 80 84:36309:7455 10480 2525 551 786 434 130 6063 370 1833 630 3726 306 1020
48 100:1626:1248 378
2 6 9 15 19 22 23 28 32 35 49 61 62 63 69 77 91 97 99:47073:65 946 4488 495 4263 96 48 2444 3434 1267 3108 385 2929 3492 2580 9 8400 2304 6320
38 82 85 86:4944:1836 1320 1242 546
4 17 40 69:2758:1380 20 756 602
10 12 15 17 32 36 46 50 54 67 70 94:21996:1196 4454 2079 20 5050 1330 116 2688 184 2831 1508 540
6 7 13 14 31 37 40 51 62 65 66 70 74 84 96:21899:817 651 3050 949 480 1896 1071 1568 3333 312 2071 728 76 2640 2257
21 35 52 54 57 59 63 71 73 74 89 91:40785:6550 8326 3232 2392 1984 299 388 592 11172 168 282 5400
35 79 89:2730:724 690 1316
1 13 15 18 23 28 42 43 47 52 82 88 93:29171:4620 549 3366 36 168 2548 4515 2472 3948 404 726 4550 1269
61:539:539
8 23 32 38 48 57 63 64 71 77 92 99:15331:2256 504 1515 612 234 682 1164 5633 1776 75 248 632
6 8 12 13 17 20 23 41 49 56 58 61 65 68 98:29274:559 2303 786 2379 196 6912 36 1965 2520 600 2312 1386 585 2451 4284
31 42 55 89 91 92:8678:1230 2322 1860 564 1400 1302
2 11 26 32 34 55 57 61 69 100:13792:2795 560 200 1717 4494 1674 186 616 1118 432
14 17 41 58 76 78 95 99:21811:1314 156 5240 68 3243 1016 6192 4582
8 10 14 16 20 23 25 28 33 37 44 53 57 60 62 70 80 90 98 99:48301:1081 2116 438 246 7296 372 3025 52 986 1264 108 3136 2232 4324 3131 2132 170 2970 9588 3634
5 6 12 26 33 38 43 55 78 80 83 95 100:28674:1150 1548 6026 600 493 3876 1957 1116 5334 714 1792 2880 1188
32 34 40 48 56 90 100:14299:1313 5136 3024 2184 320 1485 837
1 25 35 63 79:18856:2904 3630 7059 1261 4002
3 14 16 21 22 28 39 43 44 45 49 60 61 62 69 70 71 86 91 99:58336:10224 2263 5412 10742 768 2028 1357 1957 2214 1562 168 736 924 4646 860 208 37 1134 9200 1896
9 11 19 52 56 59 65 70 79 89 98:20046:3960 476 3393 202 820 325 1404 1352 3864 1598 2652
33 69:1332:1160 172
18 41 55 56 62 63 67 71 75 84 89:13053:504 1179 558 540 2626 970 4619 74 720 840 423
6 7 13 30 48 53 55 63 86 94 95 99 100:26441:989 1116 3050 1386 2340 1664 682 4753 1932 990 6336 474 729
34 42 48 60 82 99 100:15828:4922 1032 2106 3864 165 2686 1053
6 30 70:5574:1806 2520 1248
1 7 13 18 38 42 47 50 52 54 64 67 73 77 88 93 99:35321:5676 31 793 756 2754 2193 2016 1568 1818 2024 2358 447 4560 33 2470 1242 4582
12 21 26 34 35 39 45 47 55 57 78:29790:5764 11266 275 642 543 2773 3124 2016 372 1364 1651
2 14 18 49 51:7951:1365 2701 126 1848 1911
9 10 50 51 67 72 81:12115:4224 1656 1288 2107 149 2256 435
32 62 71 82 86 88:12699:4646 808 296 429 2100 4420
7 43 69 71 78 79 85 90:22062:558 3605 2064 1554 4699 1656 2646 5280
36 76 91 98:14149:1995 2346 9400 408
3 17 26 30 38 40 43 51 61 70 80 96:17253:1278 64 625 1575 1632 2016 3502 2450 616 728 510 2257
11 16 20:10152:756 3444 5952
38 57 87 94:8061:1020 2666 2800 1575
7 8 19 29 37 41 58 73 75 77 100:23983:1302 376 3219 1656 5530 917 408 8664 1350 21 540
5 22 23 36 37:5773:1104 1008 552 2793 316
11 17 18 28 35 41 42 45 58 61 79 84 87 90 91 96 98:41194:728 140 180 1664 4344 2882 1161 1065 544 2618 2760 2220 392 7920 3400 1220 7956
5 37 40 50 51 56 63 64 65 74 75 81 86 95 98 99:39214:759 1106 3024 1400 2352 400 2425 5371 1365 128 1110 1392 420 6912 8364 2686
5 9 17 19 31 39 41 42 51 58 61 65 74 97 99 100:30776:184 5544 60 2436 840 649 262 6450 539 2040 1925 1599 184 672 6636 756
7 62:2578:558 2020
14 26 40 43 45 53 55 61 64 74 75 77 83 85 87 90 94:33340:3650 850 945 3399 568 3008 2976 3080 1572 48 990 21 3072 1188 2408 5115 450
6 27 28 30 34 35 41 43 45 53 56 63 68 72 79 81 94 98 99:39634:817 992 364 1008 4815 4887 2358 4223 142 512 720 1164 4386 376 2898 841 225 3060 5846
14 32 38 40 46 50 53 57 62 66 75 77 86 89 92 96 100:17691:730 2525 408 567 435 952 1408 744 3535 2289 1380 123 126 47 1860 427 135
17 45 77:496:200 284 12
14 19 21 47 49 76 78 88:18416:949 3219 262 1680 2184 2760 2032 5330
6 26 34:2920:387 500 2033
4 5 8 12 14 15 23 24 39 50 53 54 55 56 61 62 63 69 74 75:38961:2760 690 846 3275 146 4752 84 300 531 840 2496 7912 2356 800 2695 1616 2522 3784 196 360
3 5 10 14 18 30 43 84 92:19049:5751 690 4140 949 396 2268 2987 1620 248
54:3496:3496
2 6 15 33 66 79 82 84 88 94 96:28099:1560 2107 4455 725 3488 5106 924 720 5590 1350 2074
7 9 22 23 24 31 32 33 36 40 43 46 49 57 78 88 89:36875:1395 2904 144 480 204 1230 3838 493 5586 2142 1854 1363 3360 2728 6223 910 2021
34 86:4030:2140 1890
2 7 11 18 50 51 53 55 62 66 69 70 72 74 81 92 93:22261:1690 1023 336 792 840 2254 2560 682 2323 5123 946 1092 940 152 435 992 81
5 9 11 13 27 30 33 34 42 50 56 57 65 79 92 93 95:25267:437 1716 672 1464 832 2331 580 214 1161 1288 440 2914 195 3864 1426 1269 4464
69:1204:1204
10 14 19 27 30 62 70 78 89:22470:2852 2701 2523 1408 2079 3434 52 5588 1833
1 3 21 27 34 53 57 62 71 75 87 88 90 91:44289:2112 3195 8908 800 2033 2112 3038 2525 777 690 1344 390 6765 9600
27 34 45 71 74 96:7711:64 4387 213 888 24 2135
1 5 6 12 19 22 25 26 46 52 55 59 75 76 82 91 98:21995:924 989 1978 4847 1305 768 605 300 1334 505 620 559 810 1656 759 2200 1836
2 6 12 13 16 21 22 23 29 53 56 63 64 65 66 79 96 98 99:46047:1625 516 5240 549 3567 5764 432 504 1944 2624 740 4462 3406 663 5232 276 2013 2856 3634
4 11 34 39 52 72:7376:414 532 2782 1947 808 893
3 6 23 35 50 86:12664:4686 1892 372 2172 2408 1134
37 82 93 100:4878:2370 1023 189 1296
16 36 47 50 56 57:12494:3321 5985 420 168 740 1860
3 6 10 13 29 30 40 44 49 51 56 61 67 68 79 83 90 96:43676:3834 1290 920 2440 2808 1134 1764 864 2856 1029 500 3388 6556 5289 3726 2368 165 2745
14:1168:1168
17 37 64 70 72:10277:200 6320 524 2340 893
7 13 20 24 30 41 47 50 51 61 62 69 72 99:31781:527 2806 8256 222 1197 262 1680 560 882 2849 2929 2150 1457 6004
20 25 39 40 51 54 66 75:28886:5376 5687 2950 1260 196 7544 5123 750
7 18 30 66 77 83 90:6936:186 252 315 2289 102 1152 2640
1 5 7 16 19 22 44 49 56 66 67 73 77 80 83 84 89 92:36138:2904 575 341 4059 261 720 2052 1596 760 2507 6109 6612 87 408 1664 1020 1363 3100
5 27 63 80 91:3121:276 448 679 918 800
2 5 11 18 19 40 44 62 64 73 76 83:21557:2665 437 392 36 2262 630 2376 3939 1048 4560 1932 1280
3 27 50 62 99:19570:8307 576 560 3333 6794
6 8 18 21 23 35 39 40 43 49 59 80 83 97:26828:2021 1504 702 8908 228 362 1711 504 1339 1512 585 1020 2496 3936
22 30 66 77 92:4269:576 1197 2180 6 310
1 10 13 20 23 29 32 34 36 37 43 53 57 72 74 81 86 92 99:40262:528 4324 2867 4224 180 144 3535 1391 1463 6162 4223 2560 1984 1739 140 522 126 2728 1422
6 7 9 32 37 43 44 59 77 80 92 98:26628:731 1054 2640 2525 3476 4532 1782 117 63 884 868 7956
31 44 52 76:5064:1260 54 1818 1932
9 16 28 31 33 40 45 51 54 57 65 68 72 79 87 95 97 100:31046:3300 1230 1300 540 1015 567 497 637 1288 1240 1248 5289 987 6900 2800 288 1056 864
27 35:4867:704 4163
7 17 41 62 65 92 95:16352:1457 20 4323 3737 819 2108 3888
7 13 17 26 30 33 34 44 45 51 59 63 69 77 78 82 90 92 94 98:43658:1271 2623 124 175 2205 1073 4922 702 3266 1666 208 3395 2752 84 6096 1254 825 868 765 9384
15 47 77:1122:396 588 138
2 5 17 22 33 49 50 73 75 77 80 83 87:18462:65 828 84 384 1392 420 2744 6612 570 147 1088 1664 2464
2 3 12 31 35 38 45 53 54 59 62 69 81 88 93:32102:1300 1917 655 570 3801 714 781 1088 8464 91 3232 1978 1334 5070 1107
12 15 18 39 44 68 74 76 80 91 93 97:27701:3930 4455 864 1062 216 5031 148 1725 442 7800 108 1920
92:558:558
9 26 37 46 47 54 55 60 61 88 89 96 97:28126:1188 150 6320 841 1092 2392 2232 3128 2079 2990 752 2562 2400
7 11 18 22 35 50 61 76:11375:155 1372 900 936 543 2240 1848 3381
8 35 92:9454:235 7421 1798
4 13 18 21 23 32 40 53 55 57 59 64 65 70 83 89 93 98 100:40416:5106 1708 594 6550 72 3333 2394 1088 1054 2666 585 3013 1482 416 2752 2068 729 3672 1134
1 8 15 28 32 36 39 60 61 83 86 98:24590:1584 1363 2079 2184 707 399 2596 3036 2310 2368 1680 4284
25 31 32 52 95 98:23432:3388 570 2020 4242 6480 6732
4 6 20 23 26 32 33 57 59 62 71 74 77 79 91 97 100:30812:4416 774 7872 96 575 1010 986 434 377 1111 777 44 18 4554 5800 1536 432
5 14 15 26 49 58 63 65 87 89 100:22338:1058 2336 4950 500 2688 3400 3104 546 2128 1034 594
13 14 16 17 21 29 32 40 41 42 44 67 70 72 79 80 93 97 98:50206:61 2993 3321 100 12576 1872 3737 1827 1572 3096 1134 2235 832 799 2484 1088 459 1248 8772
9 11 12 14 19 58 73 84 86 92:15578:1188 448 262 657 2523 2040 2964 1500 1764 2232
8 26 35 41 48 49 50 53 56 60 63 67 75 76 77 78 81 91 92 97:41938:235 375 7602 4847 1872 2520 672 2176 180 2484 1164 745 510 2277 93 5842 1392 1200 1240 4512
7 13 18 24 36 40 44 45 61 71 80 94:11058:279 244 36 36 3591 1764 108 852 693 1591 1054 810
11 15 17 30 36 59 61 63 67 68 82 84 90 95:37384:308 2376 164 819 4522 403 1386 582 6109 5934 1419 2400 6930 4032
24 30 34 37 42 54 55 64 71 72 86 100:24931:234 2520 214 1422 1419 8648 2666 2489 1850 1081 1092 1296
10 22 75 78 86:6323:3772 240 1260 127 924
8 35 52 59 63 77 81:10349:2303 3801 202 377 2522 129 1015
25 34 37 53 62 81 86 93:14995:2541 4601 1106 2304 1515 1131 1554 243
3 14 16 19 22 29 33 36 37 44 45 55 61 73 79 85 90:42826:4899 292 3690 1740 144 576 1334 5320 3160 432 3408 558 1463 9348 1518 324 4620
8 10 27 28 45 60 91:17785:1786 3128 1248 2184 1491 1748 6200
16 22 30 68 90 93 100:18240:6027 864 567 1935 6930 945 972
8 35 51 52 77 85 94:16843:329 9050 2009 2929 114 432 1980
4 10 18 22 31 32 33 43 56 63 72 79 97:24078:5796 3680 612 552 360 3333 754 515 700 1940 1504 4140 192
12 14 48 57 59 63 73 85 99:25864:6419 73 1716 1240 52 4074 10944 1188 158
2 21 26 33 35 47 69 71:26777:2990 11004 50 1015 8869 672 1548 629
69 74 94:2725:2494 96 135
10 11 12 18 49 63 68 76 81 84 90:25204:1104 1120 4192 36 4200 1261 1290 2898 928 2400 5775
8 41 48 57 61 67 77:15375:1316 3537 1092 1550 2310 5513 57
8 11 17 23 31 45 51 65 72 73 99:17253:517 1036 8 120 750 1633 588 1677 1692 2280 6952
2 14 26 27 31 62 65 70 76 79 85:23363:2145 3139 425 928 210 4545 1404 2392 1725 6072 378
33 40 56 83:4347:1421 1638 520 768
27 30 34 42 48 65 69 79 86 91 92 100:19640:576 1323 4922 1935 312 624 1634 3450 1092 1000 2232 540
11 12 25 32 43 45 49 54 58 67 68 77 86 96:36214:868 1572 363 3232 2575 2201 4032 8832 272 6854 2838 75 1890 610
21 33 34 41 50 56 63 85 91 100:27901:12576 435 214 393 2800 180 1358 162 9000 783
9 18 27 35 39 41 53 63 83 86:19284:5016 900 1440 543 2419 3537 1984 2037 64 1344
3 33 77:3526:2769 754 3
37 49 61 73:12114:5214 252 2772 3876
19 25 52 67 75 78:11313:1131 3146 1111 298 420 5207
41 42 61 73 83 87:15572:3668 774 2926 6156 1600 448
4 13 21 27 58 64 69 86 92 94 95:19736:2070 1525 6812 384 1360 2489 2580 420 620 900 576
4 53:3044:1380 1664
6 9 29 32 35 41 45 49 52 53 75 84 88 94 97:38621:1290 792 2592 4646 9050 5502 923 3948 2424 3200 1350 60 780 720 1344
15 62 67 81:13188:4356 3232 5513 87
8 15 33 49 50 55 79 81:15881:1175 2871 1276 3864 672 62 4830 1131
54 71 77:2230:1472 629 129
2 9 20 25 38 39 42 43 52 53 61 62 71 76 79 80 83 86 98:47003:2275 5676 3264 4356 612 944 3741 206 3737 1216 3542 4242 592 690 1794 1054 320 378 8364
12 15 36 39 79:14680:6419 1683 1197 413 4968
1 8 17 33 36 37 46 50 69 70 71 79 82 83:31057:5412 1927 28 1189 3724 6636 783 1456 430 572 1184 4416 1188 2112
11 39 61 70 74 81 84 100:9472:756 531 3388 1404 68 1276 780 1269
4 9 11 12 16 22 58 68 80 89 99 100:26405:2070 3828 420 2227 5289 672 1428 2064 1258 2162 4582 405
8 11 14 23 24 26 30 48 50 57 61 67 69 84 96 99:24886:1034 420 3650 252 132 1025 1638 156 1960 1798 2156 4470 2752 180 1525 1738
4 9 30 55 59 60 64 65 73 75 77 78 85 88:28853:5934 1848 2268 2604 351 184 3537 1521 5016 600 138 508 54 4290
22 27 29 34 40 55 58 89:9973:48 992 2520 1070 2016 1550 884 893
7 22 41 44 50 53 59 94 100:15783:1519 888 3799 2592 1792 1792 494 2070 837
2 11 12 18 21 23 33 39 40 49 55 63 72 73 77 83 93 94:27763:2860 196 2620 504 1834 180 406 472 1134 1344 1612 4656 799 5700 21 896 324 2205
27 89:1406:1312 94
6 55 73 85 100:11825:602 2604 7296 216 1107
6 18 31 56 73 85:10885:2107 252 540 660 6840 486
13 15 22 25 47 56 58 68 71 88 93 99:21312:366 891 960 3509 2772 320 3060 2580 37 5460 567 790
1 12 16 21 28 37 46 50 58 59 62 67 69 74 82 86 88 91:48355:3300 6288 3198 786 52 4108 348 2800 204 637 4747 6109 1634 160 66 378 4940 8600
13 18 19 24 38 100:6213:2196 504 87 252 2958 216
1 94:3537:2772 765
25 72 76 86:8463:3025 611 3105 1722
14 26 36 45 46 49 54 59 62 64 70 75 76 77 78 99:31747:3358 1150 5187 2982 464 84 3312 221 2929 262 1300 1230 2553 30 3683 3002
5 14 20 21 24 30 34 39 42 50 53 61 69 77 78 82 93 96:38431:253 584 6528 9694 72 2394 1819 1534 3741 784 768 1617 86 21 5080 858 1134 1464
7 30 39 58 64 82 87:9897:248 2457 1239 408 3275 198 2072
25 26 40 42 52 71 77 90 96 100:20955:3025 825 882 2838 2323 1517 141 6270 2135 999
39:2301:2301
18 23 54 62 63:12914:450 288 6624 3030 2522
6 29 34 40 53 57 59 69 74 87 89:11111:2064 144 3852 504 960 806 130 516 16 2072 47
11 15 17 18 19 27 31 35 36 42 46 49 58 72 73 80 84 87 92 96:43784:1344 4455 36 720 1740 704 750 5430 3990 6063 1363 4032 1088 1363 5700 34 2100 2016 124 732
13 33 42 43 55 71:9982:1708 1015 3612 2060 1550 37
10 27 34 36 40 58:13101:276 544 5350 4389 1386 1156
12 31 32 41 44 49 50 53 61 66 72 74 83 85:28999:3013 1440 1515 5109 1674 3444 2800 2816 1309 872 611 48 2944 1404
1 13 19 28 31 43 56 61 62 77 89 90 99:24121:6204 854 1914 2028 1500 2266 240 2002 1212 36 1034 2145 2686
12 14 27 29 50 51 54 60 77 89 91 92:15946:2882 1752 320 360 1512 1225 3128 1656 72 517 600 1922
